fd_box, fd_min, fd_mass
-9.646120040183094879e-01,3.008209746549466157e-01,1.703197252675742401e+00
-9.464252980571085105e-01,3.458642142550432674e-01,1.664602425625803628e+00
-9.183679835602907016e-01,4.283300599621460147e-01,1.579102180728242155e+00
-9.599829005831902462e-01,3.159889244273393905e-01,1.690250997118052823e+00
-5.962065528250202195e-01,1.131278547772691434e+00,5.157884026774119945e-01
-8.448415638014472595e-01,5.506480412501254529e-01,1.408061488061726374e+00
-8.526033919448186005e-01,5.443822475323372156e-01,1.419000019134357915e+00
-9.309284497070970943e-01,3.851760742657514558e-01,1.628878312844499465e+00
-9.643447041565410549e-01,2.611311836441460588e-01,1.736246975506968271e+00
-6.515133047138323974e-01,1.081430835487740216e+00,5.795155184805026449e-01
-9.788569204609918195e-01,2.527032633535462591e-01,1.742828366434184817e+00
-8.167037845483223757e-01,5.721788849533122612e-01,1.370410938845073368e+00
-9.391287147348121866e-01,3.227813008271026018e-01,1.684872521865962813e+00
-4.530175186095097284e-01,1.539373932563865122e+00,4.836207281394282881e-02
-5.467122602313578827e-01,1.225086126515074314e+00,3.942968229720301143e-01
-9.317021757422560002e-01,3.701429477198549534e-01,1.643849380941006633e+00
-9.678737748404478980e-01,2.835306909970049527e-01,1.717457587630340399e+00
-8.546491520198401526e-01,5.234011716879369835e-01,1.452158646347565085e+00
-9.003604221714333056e-01,4.575586628780485277e-01,1.542677502579747451e+00
-7.440131272898051762e-01,8.576233310700650536e-01,9.145170623027687462e-01
-6.029965048462092581e-01,1.188598269849044042e+00,4.418101908555462365e-01
-5.317235829357107590e-01,1.299777384435903960e+00,2.953242371701124136e-01
-7.271933667827715775e-01,7.681004082906820463e-01,1.050841018316251541e+00
-8.329678136686357037e-01,5.971599472705599876e-01,1.327326559893030833e+00
-7.586391305276569685e-01,6.789110933734273656e-01,1.191644701644626991e+00
-9.311316274839183116e-01,3.993278868451072827e-01,1.613384324840244632e+00
-9.511980584530478344e-01,3.345355372963318419e-01,1.674383939351641981e+00
-7.060454225896558578e-01,9.199170437390877808e-01,8.209302043822712669e-01
-8.193075416209530948e-01,5.846161358065544711e-01,1.348762284001822298e+00
-9.051236819330615857e-01,4.377057747728698156e-01,1.567635248564053896e+00
-5.046960138057043910e-01,1.394067738908939091e+00,1.838793250494201170e-01
-7.835669195118580843e-01,6.872344876626319543e-01,1.178154387852695217e+00
-9.821077179812197633e-01,2.473424241065880769e-01,1.747620673462474405e+00
-9.895284249754751071e-01,2.311868165399694475e-01,1.760456669997988444e+00
-7.485159273350475706e-01,7.266383951613123449e-01,1.115651143277267776e+00
-9.606743853478608708e-01,2.901428323938269327e-01,1.712473250423593774e+00
-8.868890962719876425e-01,4.634368581671448051e-01,1.534861595738228113e+00
-9.747718647505274614e-01,2.728080794484414318e-01,1.726849463336516122e+00
-9.166836795296898766e-01,3.902029309066843421e-01,1.623309288100133640e+00
-8.643787730935168501e-01,5.182678333853200092e-01,1.459508227163707650e+00
-9.257686729236710432e-01,4.099993463834408214e-01,1.600862385184963044e+00
-4.530175186095097284e-01,1.447178262407943672e+00,1.371544198949507520e-01
-8.487619157725920793e-01,5.336848945363351637e-01,1.436761466974570300e+00
-9.245612822072064585e-01,3.794233879651900954e-01,1.635343474781014272e+00
-7.495127807158926680e-01,8.176828815625832858e-01,9.747608590533244355e-01
-9.328574750864299103e-01,3.751685842209400712e-01,1.639432397660514740e+00
-8.658584344020293644e-01,5.132627165656451496e-01,1.466653939436272980e+00
-6.640706508884303139e-01,1.059049883117282986e+00,6.130582388814507233e-01
-9.421783332891645601e-01,3.283138268974629126e-01,1.680153634782602934e+00
-9.576824856678283204e-01,3.105727459227972664e-01,1.694848523752526814e+00
-8.765469030746605439e-01,4.821722611987755425e-01,1.509851778123245669e+00
-9.056660511582206308e-01,4.425771915382520905e-01,1.561631050628897954e+00
-8.524487201068993159e-01,5.079058071447289935e-01,1.474260919511945156e+00
-7.917614470648335345e-01,6.628810384773061726e-01,1.217755558798360394e+00
-6.234504456474269096e-01,1.107699120045055663e+00,5.457248419967999364e-01
-7.530222346415383905e-01,8.436058964050460185e-01,9.357684823562072429e-01
-8.449651638384700902e-01,5.617283646962359933e-01,1.388582801319287574e+00
-6.872495307563107891e-01,1.011876620271468852e+00,6.833439356328129266e-01
-9.245060416283543692e-01,4.148735147687460101e-01,1.595248464378307807e+00
-2.989448513517399264e-01,1.728401380524572151e+00,1.013063432836724931e-17
-7.759721589218625537e-01,6.559872731143098212e-01,1.229000310356429537e+00
-6.694283164664348584e-01,9.866141655174424097e-01,7.208781347138365492e-01
-5.329149215890413016e-01,1.345162588478490795e+00,2.327593846996313387e-01
-6.994668198539570891e-01,9.345437400702517605e-01,7.991629330532695752e-01
-9.605116944743035123e-01,2.955333758067927308e-01,1.707724220911907231e+00
-7.366510469236611236e-01,8.315518973713086348e-01,9.538346752652289151e-01
-6.029965048462092581e-01,1.166447994533689414e+00,4.705216814953037119e-01
-9.683844715485320220e-01,2.566768845200361193e-01,1.739951285023662475e+00
-7.612079344651084822e-01,7.484128445141055019e-01,1.081567538703132492e+00
-8.012784746004579794e-01,5.907746455423260601e-01,1.338230173132324285e+00
-9.374527641955462398e-01,3.397845433894601253e-01,1.670030568664948145e+00
-7.348891212393919847e-01,7.919595607966799511e-01,1.014105712276853533e+00
-9.950518015217268974e-01,2.361619726782342443e-01,1.756152750555428188e+00
-9.027523262624979061e-01,4.331641113282209132e-01,1.573292082482567578e+00
-9.302248294707929910e-01,3.956638825886434341e-01,1.617262182875148779e+00
-7.985688664356389577e-01,6.166240525846184983e-01,1.294228238024439870e+00
-8.247037503162909511e-01,5.390133445783326094e-01,1.428109466025258900e+00
-9.178587938537937641e-01,4.049921300254559764e-01,1.606685821996876040e+00
-8.751991962080436505e-01,5.030879486135456657e-01,1.480947100419073736e+00
-9.566667816691288850e-01,3.056250071890779241e-01,1.699308029109359408e+00
-8.679346318020322304e-01,4.922019524215426323e-01,1.496231199925866173e+00
-7.769317370780060017e-01,6.476075419289342161e-01,1.242817789028566766e+00
-7.943812501310292262e-01,6.041777296023366217e-01,1.315317244304927691e+00
-8.889074815629030013e-01,4.870765578209198532e-01,1.503239057754585994e+00
-9.823261980489664813e-01,2.410988883172527075e-01,1.752231967494455533e+00
-7.124664460759988494e-01,9.536930516798391988e-01,7.704299614802925245e-01
-9.496642869138740561e-01,3.508457790609847970e-01,1.660313007582507216e+00
-6.851613223588567392e-01,9.760912980774401060e-01,7.373762759479075557e-01
-8.530823743311465313e-01,5.276824592030449068e-01,1.445940027433251007e+00
-8.361795075418549938e-01,5.657873816345746487e-01,1.381521720170131529e+00
-9.371099414096539792e-01,3.634699439424343703e-01,1.650162375622859390e+00
-9.090186298698746947e-01,4.245900759193178553e-01,1.583684705558445538e+00
-8.172436350813099271e-01,5.785172414299787347e-01,1.359377346660689767e+00
-9.067623799071364843e-01,4.200728730111328302e-01,1.589267558297412508e+00
-3.803669573474414145e-01,1.629554726210106885e+00,-1.443781321204570361e-17
-7.690457202972277306e-01,7.381219865101258382e-01,1.097722428830776753e+00
-8.701336393501669653e-01,4.979516593313236261e-01,1.488181795741456037e+00
-8.935011664312012547e-01,4.684900804406064712e-01,1.528171472008865939e+00
-7.797746965146594711e-01,7.178824064173399133e-01,1.129513686969192188e+00
-9.873405864715012470e-01,2.257793010453062743e-01,1.765446064821087235e+00
-8.065527855064095197e-01,6.396421168484648367e-01,1.255958268457908034e+00
-7.716718315533304118e-01,6.713090343678579375e-01,1.204064069527247982e+00
-7.688544588694926629e-01,6.968490123213989529e-01,1.162891651713937824e+00
-9.049613971581816907e-01,4.530991564635198920e-01,1.548284484155306284e+00
-5.696428906703503436e-01,1.260875752017272644e+00,3.471959177359761894e-01
-1.240689710118717676e-01,1.820567529471839086e+00,-3.343629806015300984e-17
-6.658950155895173584e-01,1.034297898711524777e+00,6.498898209365653322e-01
-8.765918437657533868e-01,4.733457757299915358e-01,1.521875248771573208e+00
-7.782282973746839083e-01,6.330011234128962716e-01,1.266911686107395019e+00
-8.679519650442885093e-01,4.766830523076003856e-01,1.517377416227050579e+00
-9.368806652745559349e-01,3.582942177739817380e-01,1.654178407886045088e+00
-7.492967342366076977e-01,7.063665638314320372e-01,1.147689409479325295e+00
-7.948889023608556315e-01,6.100010625796206121e-01,1.305464490330798366e+00
-7.409721543948190048e-01,8.998534201830253876e-01,8.509520554638984047e-01
-8.002079097314308553e-01,6.246966699196967454e-01,1.280752863764334393e+00
-7.523465781644890216e-01,7.800795905465292002e-01,1.032489021755969016e+00
-7.356456765513946783e-01,8.686218073466593914e-01,8.977662903336754985e-01
-8.921987274098401866e-01,4.477702747177061959e-01,1.555056751621477273e+00
-9.786721804256772739e-01,2.667389518025440331e-01,1.731007876800161549e+00
-7.318792789769628104e-01,8.871580417720683620e-01,8.700585176037569646e-01
-9.692044927244896080e-01,2.782343909779785851e-01,1.722110936195069497e+00
-7.134539604530870660e-01,8.047892514752330584e-01,9.945597527978943253e-01
-8.156733300108807150e-01,5.558669603200420140e-01,1.398907946127430746e+00
-7.457302782188508505e-01,7.559970967506161044e-01,1.069578157968933851e+00
-4.323769745442531121e-01,1.493958447906379661e+00,9.225252714844955904e-02
