white,black
3.261000000000000000e+03,3.463000000000000000e+03
3.349000000000000000e+03,6.651000000000000000e+03
4.288000000000000000e+03,3.456000000000000000e+03
3.531000000000000000e+03,3.193000000000000000e+03
4.312000000000000000e+03,3.788000000000000000e+03
3.699000000000000000e+03,1.167700000000000000e+04
3.591000000000000000e+03,4.509000000000000000e+03
2.900000000000000000e+03,2.284000000000000000e+03
4.074000000000000000e+03,2.982000000000000000e+03
3.349000000000000000e+03,3.707000000000000000e+03
2.396000000000000000e+03,2.228000000000000000e+03
2.282000000000000000e+03,1.814000000000000000e+03
2.949000000000000000e+03,3.451000000000000000e+03
3.818000000000000000e+03,3.238000000000000000e+03
2.930000000000000000e+03,2.254000000000000000e+03
2.584000000000000000e+03,4.472000000000000000e+03
1.292000000000000000e+03,1.012000000000000000e+03
3.426000000000000000e+03,2.350000000000000000e+03
3.020000000000000000e+03,3.064000000000000000e+03
2.631000000000000000e+03,6.205000000000000000e+03
4.046000000000000000e+03,3.698000000000000000e+03
3.722000000000000000e+03,3.002000000000000000e+03
4.059000000000000000e+03,3.337000000000000000e+03
3.089000000000000000e+03,2.687000000000000000e+03
5.727000000000000000e+03,7.269000000000000000e+03
3.628000000000000000e+03,4.116000000000000000e+03
3.770000000000000000e+03,5.446000000000000000e+03
2.840000000000000000e+03,3.884000000000000000e+03
2.805000000000000000e+03,3.595000000000000000e+03
4.461000000000000000e+03,4.003000000000000000e+03
4.581000000000000000e+03,4.255000000000000000e+03
3.421000000000000000e+03,3.303000000000000000e+03
3.445000000000000000e+03,2.331000000000000000e+03
3.366000000000000000e+03,3.358000000000000000e+03
3.387000000000000000e+03,2.697000000000000000e+03
3.743000000000000000e+03,5.093000000000000000e+03
3.052000000000000000e+03,5.048000000000000000e+03
3.088000000000000000e+03,2.688000000000000000e+03
2.446000000000000000e+03,2.454000000000000000e+03
1.788000000000000000e+03,2.308000000000000000e+03
3.904000000000000000e+03,3.152000000000000000e+03
3.162000000000000000e+03,8.074000000000000000e+03
3.508000000000000000e+03,2.576000000000000000e+03
3.258000000000000000e+03,4.138000000000000000e+03
2.863000000000000000e+03,3.221000000000000000e+03
4.263000000000000000e+03,4.573000000000000000e+03
2.977000000000000000e+03,2.499000000000000000e+03
3.406000000000000000e+03,2.370000000000000000e+03
4.602000000000000000e+03,4.234000000000000000e+03
4.247000000000000000e+03,3.853000000000000000e+03
3.543000000000000000e+03,2.233000000000000000e+03
2.255000000000000000e+03,2.645000000000000000e+03
2.674000000000000000e+03,1.950000000000000000e+03
2.097000000000000000e+03,1.503000000000000000e+03
2.670000000000000000e+03,2.514000000000000000e+03
2.477000000000000000e+03,2.999000000000000000e+03
3.034000000000000000e+03,2.150000000000000000e+03
2.466000000000000000e+03,2.718000000000000000e+03
2.490000000000000000e+03,1.606000000000000000e+03
3.084000000000000000e+03,4.312000000000000000e+03
3.927000000000000000e+03,6.073000000000000000e+03
3.754000000000000000e+03,3.990000000000000000e+03
3.359000000000000000e+03,4.741000000000000000e+03
2.875000000000000000e+03,4.521000000000000000e+03
3.677000000000000000e+03,2.723000000000000000e+03
2.791000000000000000e+03,2.109000000000000000e+03
2.845000000000000000e+03,2.055000000000000000e+03
2.803000000000000000e+03,2.973000000000000000e+03
2.654000000000000000e+03,2.246000000000000000e+03
2.264000000000000000e+03,2.092000000000000000e+03
3.097000000000000000e+03,2.087000000000000000e+03
3.779000000000000000e+03,5.057000000000000000e+03
3.908000000000000000e+03,4.192000000000000000e+03
3.340000000000000000e+03,2.744000000000000000e+03
2.891000000000000000e+03,2.293000000000000000e+03
3.584000000000000000e+03,2.500000000000000000e+03
2.560000000000000000e+03,2.340000000000000000e+03
3.908000000000000000e+03,3.148000000000000000e+03
4.956000000000000000e+03,4.648000000000000000e+03
2.457000000000000000e+03,2.167000000000000000e+03
2.720000000000000000e+03,1.904000000000000000e+03
4.070000000000000000e+03,3.674000000000000000e+03
4.368000000000000000e+03,4.096000000000000000e+03
4.180000000000000000e+03,4.656000000000000000e+03
2.804000000000000000e+03,1.552000000000000000e+03
2.844000000000000000e+03,2.056000000000000000e+03
3.922000000000000000e+03,2.802000000000000000e+03
3.318000000000000000e+03,1.866000000000000000e+03
1.544000000000000000e+03,1.160000000000000000e+03
3.691000000000000000e+03,2.393000000000000000e+03
3.288000000000000000e+03,2.796000000000000000e+03
2.616000000000000000e+03,3.160000000000000000e+03
5.253000000000000000e+03,6.411000000000000000e+03
2.756000000000000000e+03,2.720000000000000000e+03
3.138000000000000000e+03,4.962000000000000000e+03
4.601000000000000000e+03,7.499000000000000000e+03
4.267000000000000000e+03,4.569000000000000000e+03
2.767000000000000000e+03,4.977000000000000000e+03
3.450000000000000000e+03,3.946000000000000000e+03
3.401000000000000000e+03,2.375000000000000000e+03
3.853000000000000000e+03,3.543000000000000000e+03
2.753000000000000000e+03,2.147000000000000000e+03
4.444000000000000000e+03,7.656000000000000000e+03
2.709000000000000000e+03,3.375000000000000000e+03
3.565000000000000000e+03,3.491000000000000000e+03
3.513000000000000000e+03,6.487000000000000000e+03
3.418000000000000000e+03,3.638000000000000000e+03
1.747000000000000000e+03,2.097000000000000000e+03
3.980000000000000000e+03,3.416000000000000000e+03
1.531000000000000000e+03,2.565000000000000000e+03
4.811000000000000000e+03,3.289000000000000000e+03
2.209000000000000000e+03,3.267000000000000000e+03
3.353000000000000000e+03,3.371000000000000000e+03
3.829000000000000000e+03,2.895000000000000000e+03
3.607000000000000000e+03,3.117000000000000000e+03
2.925000000000000000e+03,3.159000000000000000e+03
2.861000000000000000e+03,3.223000000000000000e+03
3.612000000000000000e+03,4.132000000000000000e+03
4.671000000000000000e+03,5.733000000000000000e+03
3.896000000000000000e+03,3.848000000000000000e+03
4.332000000000000000e+03,3.768000000000000000e+03
3.168000000000000000e+03,2.308000000000000000e+03
4.417000000000000000e+03,4.799000000000000000e+03
3.918000000000000000e+03,3.478000000000000000e+03
3.810000000000000000e+03,2.914000000000000000e+03
3.744000000000000000e+03,4.000000000000000000e+03
2.940000000000000000e+03,2.244000000000000000e+03
2.766000000000000000e+03,2.710000000000000000e+03
2.934000000000000000e+03,2.842000000000000000e+03
5.515000000000000000e+03,7.481000000000000000e+03
5.023000000000000000e+03,5.793000000000000000e+03
2.629000000000000000e+03,3.147000000000000000e+03
3.556000000000000000e+03,1.920000000000000000e+03
3.451000000000000000e+03,2.949000000000000000e+03
3.859000000000000000e+03,2.541000000000000000e+03
2.670000000000000000e+03,3.414000000000000000e+03
5.028000000000000000e+03,5.376000000000000000e+03
4.116000000000000000e+03,3.984000000000000000e+03
4.468000000000000000e+03,3.632000000000000000e+03
4.221000000000000000e+03,2.503000000000000000e+03
3.316000000000000000e+03,2.460000000000000000e+03
3.937000000000000000e+03,4.163000000000000000e+03
3.009000000000000000e+03,2.767000000000000000e+03
3.133000000000000000e+03,4.611000000000000000e+03
4.096000000000000000e+03,2.960000000000000000e+03
4.097000000000000000e+03,4.739000000000000000e+03
4.131000000000000000e+03,3.613000000000000000e+03
2.491000000000000000e+03,3.285000000000000000e+03
2.572000000000000000e+03,2.052000000000000000e+03
2.810000000000000000e+03,2.374000000000000000e+03
3.255000000000000000e+03,3.145000000000000000e+03
3.001000000000000000e+03,1.899000000000000000e+03
4.446000000000000000e+03,3.298000000000000000e+03
4.427000000000000000e+03,4.409000000000000000e+03
2.358000000000000000e+03,1.998000000000000000e+03
4.429000000000000000e+03,4.787000000000000000e+03
2.365000000000000000e+03,1.991000000000000000e+03
2.632000000000000000e+03,1.724000000000000000e+03
1.580000000000000000e+03,1.556000000000000000e+03
3.333000000000000000e+03,3.067000000000000000e+03
2.600000000000000000e+03,3.176000000000000000e+03
4.099000000000000000e+03,2.301000000000000000e+03
3.000000000000000000e+03,2.476000000000000000e+03
4.050000000000000000e+03,3.346000000000000000e+03
4.011000000000000000e+03,2.713000000000000000e+03
2.950000000000000000e+03,3.774000000000000000e+03
2.517000000000000000e+03,4.207000000000000000e+03
4.351000000000000000e+03,4.865000000000000000e+03
5.033000000000000000e+03,4.571000000000000000e+03
4.194000000000000000e+03,5.410000000000000000e+03
4.775000000000000000e+03,4.829000000000000000e+03
3.262000000000000000e+03,3.794000000000000000e+03
3.385000000000000000e+03,3.015000000000000000e+03
3.287000000000000000e+03,5.177000000000000000e+03
2.296000000000000000e+03,2.888000000000000000e+03
5.064000000000000000e+03,6.600000000000000000e+03
3.362000000000000000e+03,4.034000000000000000e+03
3.488000000000000000e+03,3.236000000000000000e+03
4.222000000000000000e+03,8.322000000000000000e+03
2.071000000000000000e+03,2.829000000000000000e+03
4.491000000000000000e+03,3.253000000000000000e+03
3.471000000000000000e+03,2.613000000000000000e+03
3.602000000000000000e+03,3.794000000000000000e+03
3.308000000000000000e+03,4.436000000000000000e+03
3.016000000000000000e+03,4.380000000000000000e+03
5.250000000000000000e+03,5.986000000000000000e+03
3.786000000000000000e+03,2.938000000000000000e+03
3.566000000000000000e+03,2.834000000000000000e+03
4.565000000000000000e+03,5.039000000000000000e+03
3.216000000000000000e+03,1.968000000000000000e+03
2.847000000000000000e+03,1.777000000000000000e+03
3.756000000000000000e+03,3.640000000000000000e+03
2.087000000000000000e+03,1.757000000000000000e+03
3.201000000000000000e+03,2.883000000000000000e+03
3.186000000000000000e+03,2.590000000000000000e+03
4.180000000000000000e+03,5.424000000000000000e+03
3.001000000000000000e+03,2.475000000000000000e+03
2.645000000000000000e+03,4.411000000000000000e+03
3.267000000000000000e+03,3.457000000000000000e+03
4.086000000000000000e+03,1.998000000000000000e+03
3.472000000000000000e+03,6.528000000000000000e+03
3.831000000000000000e+03,2.569000000000000000e+03
2.613000000000000000e+03,2.287000000000000000e+03
2.902000000000000000e+03,3.822000000000000000e+03
2.983000000000000000e+03,3.101000000000000000e+03
3.521000000000000000e+03,4.943000000000000000e+03
3.700000000000000000e+03,4.044000000000000000e+03
4.212000000000000000e+03,5.004000000000000000e+03
2.818000000000000000e+03,2.366000000000000000e+03
4.827000000000000000e+03,4.009000000000000000e+03
4.264000000000000000e+03,3.132000000000000000e+03
3.873000000000000000e+03,6.127000000000000000e+03
4.067000000000000000e+03,5.933000000000000000e+03
2.745000000000000000e+03,1.611000000000000000e+03
3.397000000000000000e+03,2.687000000000000000e+03
3.707000000000000000e+03,3.689000000000000000e+03
4.311000000000000000e+03,3.789000000000000000e+03
3.057000000000000000e+03,3.027000000000000000e+03
3.767000000000000000e+03,3.629000000000000000e+03
3.493000000000000000e+03,3.231000000000000000e+03
5.547000000000000000e+03,9.829000000000000000e+03
3.490000000000000000e+03,4.254000000000000000e+03
2.703000000000000000e+03,4.353000000000000000e+03
4.596000000000000000e+03,4.240000000000000000e+03
4.473000000000000000e+03,5.131000000000000000e+03
