fd_box, fd_min, fd_mass
-9.545324693119551229e-01,3.103132722260871779e-01,1.695052912033000680e+00
-5.431787833553364253e-01,1.299580002099128606e+00,2.943647421524962504e-01
-7.947418823126788379e-01,6.905632892030741932e-01,1.173206120100102279e+00
-8.913441773062734663e-01,4.766832347109303814e-01,1.517653579652995521e+00
-7.879711151890511633e-01,6.829788114978561087e-01,1.185512180110596114e+00
-9.854074432628250335e-01,2.316396046100646644e-01,1.760179146274938100e+00
-8.375169849891498375e-01,5.365009014193139469e-01,1.432638561732282323e+00
-6.658950155895173584e-01,1.014801186490718266e+00,6.786618577793283036e-01
-8.532582014352804167e-01,5.112813732078050899e-01,1.469856684839570438e+00
-9.236350085416892286e-01,3.882275992868184367e-01,1.625536074235735429e+00
-8.659202613372859458e-01,5.155354474335460679e-01,1.463787166071673695e+00
-7.887884379796553658e-01,6.086823195004736897e-01,1.308156555043002101e+00
-7.715591816712263906e-01,7.006981572993175034e-01,1.157041923022458452e+00
-5.867104591199537866e-01,1.201233450773512068e+00,4.250026591836711387e-01
-6.188677069529178176e-01,1.140911467670423063e+00,5.028523289867933288e-01
-9.038821132607175457e-01,4.266920393243672782e-01,1.581403632046382457e+00
-9.425859789896774421e-01,3.551195124128806446e-01,1.656781896985458413e+00
-7.476748419339357410e-01,7.824983183569301781e-01,1.028755722975097209e+00
-6.105382185488588132e-01,1.167353783988812621e+00,4.690620508800277255e-01
-9.044836137903020656e-01,4.468851070232667255e-01,1.556547541826311054e+00
-8.288295402930888622e-01,5.636045231542535783e-01,1.385890386770417315e+00
-8.554516542128270951e-01,5.204414367925802587e-01,1.456818041481165338e+00
-7.602919315824232527e-01,7.417750975424600712e-01,1.092163734257580954e+00
-7.465613494820247942e-01,8.337648322250135191e-01,9.505123089620242105e-01
-4.530175186095097284e-01,1.496012093242720331e+00,9.369311976209171444e-02
-7.733360757854085277e-01,6.739567594183125676e-01,1.200082241510600278e+00
-9.684221959575746164e-01,3.041125557306632587e-01,1.699817104075680430e+00
-1.240689710118717676e-01,1.805796314537252201e+00,-2.166406819645513376e-18
-8.305188955636226833e-01,5.766954539512294531e-01,1.363068812183716449e+00
-9.754779408339664393e-01,2.572588421576352813e-01,1.739257698925242179e+00
-5.193510239264312878e-01,1.388404448115347245e+00,1.898558433760056674e-01
-9.646234807414044710e-01,2.883335972354282850e-01,1.713433024309588104e+00
-9.486259026714575215e-01,3.210353095372359133e-01,1.685842316460246071e+00
-9.771812795449924538e-01,2.509198878961707568e-01,1.744098168188886744e+00
-8.666212901497478693e-01,4.909559809963451871e-01,1.498322328993973551e+00
-9.351497720602489627e-01,3.728618091223099840e-01,1.641021170492289238e+00
-9.458026396927441404e-01,3.155317908948535033e-01,1.690622427566539132e+00
-9.895875120532967584e-01,2.365279598653131088e-01,1.756164262424343869e+00
-7.705283595261218643e-01,6.492309863566130268e-01,1.240527287404633361e+00
-7.288259151461916607e-01,7.954446085073170192e-01,1.008809669487037652e+00
-8.701543027377819373e-01,5.063913340735126667e-01,1.476826917960861296e+00
-9.668525667093080811e-01,2.717985084680228924e-01,1.726817213963694364e+00
-9.010451399449469490e-01,4.615991329063075521e-01,1.537672609085967146e+00
-9.315961322440723391e-01,3.837068209962440357e-01,1.630392674255131125e+00
-7.881063904564915568e-01,6.420392696719525727e-01,1.252334882381300973e+00
-9.145235627503620623e-01,4.177201777847067143e-01,1.591981604909165293e+00
-7.438350690549901945e-01,7.497267131046244648e-01,1.079601320634263395e+00
-9.513007298750858487e-01,3.266883545890206242e-01,1.680817654626394653e+00
-9.419863004090287539e-01,3.489978578664391651e-01,1.662367258173353957e+00
-9.189436496040330749e-01,4.223167504745709011e-01,1.586546852485922754e+00
-7.944961723654542229e-01,6.146481178098481823e-01,1.298031689698379010e+00
-6.162596389482979387e-01,1.110931472985377422e+00,5.416395004417351444e-01
-4.323769745442531121e-01,1.557070093961237633e+00,3.130508051135735131e-02
-6.584491416140585418e-01,1.062787762279846948e+00,6.068195957032901378e-01
-9.189817996200034811e-01,4.133251820056509374e-01,1.597293408345912047e+00
-7.427538165646031532e-01,7.612902687895077847e-01,1.061479802860808785e+00
-9.486987781667007846e-01,3.373855939729195064e-01,1.671561831037919887e+00
-9.085703035427836749e-01,4.415931470882447640e-01,1.563230485115944424e+00
-9.796119979323566485e-01,2.460165667640487330e-01,1.748125918014381108e+00
-7.969487984544796344e-01,6.367122119886217124e-01,1.261230637784214625e+00
-9.622907142734831165e-01,2.933725309140736703e-01,1.709082145971416500e+00
-8.134924151538005521e-01,6.017066364808888457e-01,1.320023760746555697e+00
-4.530175186095097284e-01,1.441841417441193984e+00,1.410029457076611703e-01
-8.402000846529007472e-01,5.476990357458525471e-01,1.413789386161087736e+00
-8.212756299226372514e-01,5.698334940691408557e-01,1.374996668473881689e+00
-8.005282083642341062e-01,6.216136847436180002e-01,1.286244805072883191e+00
-5.673528042966150542e-01,1.266126962970089087e+00,3.400502607990760207e-01
-9.776847005168300964e-01,2.668741441696987904e-01,1.731274279542205363e+00
-7.026108877626884297e-01,9.246426179110712740e-01,8.134847439679731007e-01
-9.735601943270923986e-01,2.778397053003583972e-01,1.722439186729316729e+00
-7.818070281524237553e-01,6.581933385491982591e-01,1.225849301286757731e+00
-9.865215043378977589e-01,2.411020541929575212e-01,1.752488989964033905e+00
-6.862292038921403714e-01,9.739221236254482772e-01,7.396628909385789541e-01
-7.549652845473067142e-01,7.298993341343058550e-01,1.110751475786238007e+00
-7.593677133176024441e-01,7.199694040509281301e-01,1.126399463574283555e+00
-8.759002250205059070e-01,4.711413779150790959e-01,1.525155500910987838e+00
-7.297932265575257649e-01,8.924698139784570383e-01,8.617292400638210115e-01
-9.272221416362070867e-01,3.932866795278633920e-01,1.620020486877981059e+00
-8.555985433871617918e-01,5.259928480065929612e-01,1.448739453071681060e+00
-7.307344601091009251e-01,8.081298985453071460e-01,9.894230990983219343e-01
-8.888490012632405124e-01,4.662730256760027614e-01,1.531538249861799317e+00
-8.084177045900358127e-01,5.890573680650398325e-01,1.341726741910254761e+00
-5.778752276708137847e-01,1.233726078188137176e+00,3.822810855088047965e-01
-8.486652847727280680e-01,5.309257587903309927e-01,1.441510613364685556e+00
-7.447470366302454403e-01,7.720146259197657734e-01,1.044872219842431615e+00
-9.367252631156777198e-01,3.440141645501051948e-01,1.666402798417061071e+00
-8.158685188671513933e-01,5.947943123794199316e-01,1.331855057743612569e+00
-9.113222629551398501e-01,4.318993688842009404e-01,1.575065187303592573e+00
-9.254720202391033546e-01,4.036843449870448075e-01,1.608233795905934960e+00
-7.520361061040365946e-01,8.597625163738636944e-01,9.108723168254215796e-01
-9.168447785215170232e-01,4.085343111906239999e-01,1.602769478772531286e+00
-7.924988315946064343e-01,6.661173346522712979e-01,1.212815331423339860e+00
-9.371099414096539792e-01,3.613430262359402234e-01,1.651029476553992570e+00
-7.620688256966058338e-01,7.106378969803271994e-01,1.141231273822219450e+00
-8.880574376444561047e-01,4.517142678930462507e-01,1.550378426254766406e+00
-8.702022354235954271e-01,4.960703087314128346e-01,1.491241942813245291e+00
-8.313055493611225533e-01,5.523813148610301482e-01,1.405534155755336911e+00
-7.156813010889682136e-01,9.067142860912306146e-01,8.402795365096317193e-01
-8.860637697322606421e-01,4.853055507070976327e-01,1.506156827735072312e+00
-3.803669573474414145e-01,1.623881189922651291e+00,2.180714936010114124e-02
-8.409719957212278274e-01,5.429376196247472919e-01,1.421854380429704579e+00
-6.638068071920629754e-01,1.040262853735526516e+00,6.409283547163774353e-01
-9.283635546413967488e-01,3.665434652781401348e-01,1.646840516172700664e+00
-7.104051782954174943e-01,9.401256340637128561e-01,7.903948662371224065e-01
-9.088165736178879239e-01,4.367901914232346638e-01,1.569067093930808454e+00
-9.449067253493077523e-01,3.322500124550419320e-01,1.676031062229995650e+00
-6.811131797824887535e-01,9.950005896302298591e-01,7.082782319970928331e-01
-9.728887370413779045e-01,2.828796467088506295e-01,1.718265679383045530e+00
-7.207833356033968020e-01,8.752553467323409553e-01,8.874881553153042280e-01
-8.177098406903487993e-01,5.819543808999138035e-01,1.353959245532645683e+00
-8.275250855834415109e-01,5.581793368007694767e-01,1.395404265935984656e+00
-9.267462905315307919e-01,3.984394573633117664e-01,1.614274426317147793e+00
-7.376008940245006862e-01,8.218179771250864185e-01,9.686303783175940207e-01
-9.783465500862508213e-01,2.621361774356209540e-01,1.735318756459992784e+00
-6.573469958590867357e-01,1.082287940349082822e+00,5.791184573073401287e-01
-7.554334839319655215e-01,8.446449444804376983e-01,9.337078858488253585e-01
-2.989448513517399264e-01,1.719740486183849448e+00,5.508315039609141726e-17
-8.806689795678751542e-01,4.813484135803332564e-01,1.511449012445115647e+00
-7.961927627222880055e-01,6.293785666484521535e-01,1.273342707431119214e+00
-9.626290828478872852e-01,2.987544059938337382e-01,1.704396293865967360e+00
-5.443701220086675230e-01,1.347853402873209427e+00,2.283530559370915980e-01
-8.913441773062739104e-01,4.565871593739961876e-01,1.544189038415612725e+00
-9.339076541490494154e-01,3.790202824307069007e-01,1.635463045410546989e+00
-8.687952798727036630e-01,5.014692290661985075e-01,1.483696405616297564e+00
-7.036312146268588474e-01,9.578346759188253179e-01,7.639695868150545577e-01
