white,black
6.000000000000000000e+00,1.000000000000000000e+01
3.160000000000000000e+02,2.600000000000000000e+02
2.765800000000000000e+04,1.314600000000000000e+04
2.813600000000000000e+04,1.430000000000000000e+04
2.869200000000000000e+04,1.374400000000000000e+04
2.926500000000000000e+04,1.483500000000000000e+04
2.981800000000000000e+04,1.428200000000000000e+04
3.042900000000000000e+04,1.451500000000000000e+04
3.103000000000000000e+04,1.562600000000000000e+04
3.151000000000000000e+04,1.514600000000000000e+04
3.220300000000000000e+04,1.532100000000000000e+04
3.270500000000000000e+04,1.657900000000000000e+04
3.660000000000000000e+02,3.100000000000000000e+02
3.341300000000000000e+04,1.676300000000000000e+04
3.409500000000000000e+04,1.698100000000000000e+04
3.459100000000000000e+04,1.739300000000000000e+04
3.527600000000000000e+04,1.762400000000000000e+04
3.593500000000000000e+04,1.788900000000000000e+04
3.650400000000000000e+04,1.732000000000000000e+04
3.714300000000000000e+04,1.761300000000000000e+04
3.767000000000000000e+04,1.897400000000000000e+04
3.844200000000000000e+04,1.915800000000000000e+04
3.905400000000000000e+04,1.951000000000000000e+04
4.380000000000000000e+02,3.460000000000000000e+02
3.979200000000000000e+04,1.974400000000000000e+04
4.037200000000000000e+04,1.916400000000000000e+04
4.104700000000000000e+04,2.045700000000000000e+04
4.184600000000000000e+04,2.065400000000000000e+04
4.243200000000000000e+04,2.107200000000000000e+04
4.318200000000000000e+04,2.133400000000000000e+04
5.010000000000000000e+02,3.990000000000000000e+02
5.930000000000000000e+02,4.310000000000000000e+02
6.600000000000000000e+02,4.960000000000000000e+02
7.370000000000000000e+02,5.590000000000000000e+02
8.380000000000000000e+02,6.060000000000000000e+02
9.480000000000000000e+02,6.520000000000000000e+02
1.020000000000000000e+03,7.440000000000000000e+02
2.100000000000000000e+01,4.300000000000000000e+01
1.146000000000000000e+03,7.900000000000000000e+02
1.271000000000000000e+03,8.450000000000000000e+02
1.379000000000000000e+03,9.250000000000000000e+02
1.516000000000000000e+03,9.840000000000000000e+02
1.626000000000000000e+03,8.740000000000000000e+02
1.791000000000000000e+03,1.125000000000000000e+03
1.918000000000000000e+03,9.980000000000000000e+02
2.096000000000000000e+03,1.268000000000000000e+03
2.244000000000000000e+03,1.356000000000000000e+03
2.404000000000000000e+03,1.440000000000000000e+03
3.300000000000000000e+01,6.700000000000000000e+01
2.544000000000000000e+03,1.552000000000000000e+03
2.668000000000000000e+03,1.688000000000000000e+03
2.864000000000000000e+03,1.760000000000000000e+03
3.067000000000000000e+03,1.833000000000000000e+03
3.227000000000000000e+03,1.673000000000000000e+03
3.418000000000000000e+03,2.058000000000000000e+03
3.643000000000000000e+03,2.133000000000000000e+03
3.859000000000000000e+03,2.225000000000000000e+03
4.090000000000000000e+03,2.310000000000000000e+03
4.241000000000000000e+03,2.483000000000000000e+03
5.900000000000000000e+01,8.500000000000000000e+01
4.482000000000000000e+03,2.574000000000000000e+03
4.704000000000000000e+03,2.692000000000000000e+03
4.994000000000000000e+03,2.750000000000000000e+03
5.123000000000000000e+03,2.977000000000000000e+03
5.373000000000000000e+03,2.727000000000000000e+03
5.628000000000000000e+03,3.208000000000000000e+03
5.898000000000000000e+03,3.318000000000000000e+03
6.170000000000000000e+03,3.434000000000000000e+03
6.391000000000000000e+03,3.609000000000000000e+03
6.692000000000000000e+03,3.712000000000000000e+03
7.700000000000000000e+01,6.700000000000000000e+01
6.974000000000000000e+03,3.430000000000000000e+03
7.243000000000000000e+03,3.993000000000000000e+03
7.528000000000000000e+03,3.708000000000000000e+03
7.860000000000000000e+03,4.240000000000000000e+03
8.142000000000000000e+03,4.402000000000000000e+03
8.422000000000000000e+03,4.574000000000000000e+03
8.687000000000000000e+03,4.309000000000000000e+03
9.029000000000000000e+03,4.895000000000000000e+03
9.339000000000000000e+03,4.585000000000000000e+03
9.727000000000000000e+03,5.157000000000000000e+03
1.250000000000000000e+02,1.310000000000000000e+02
9.975000000000000000e+03,5.401000000000000000e+03
1.034900000000000000e+04,5.527000000000000000e+03
1.074300000000000000e+04,5.133000000000000000e+03
1.108300000000000000e+04,5.817000000000000000e+03
1.141200000000000000e+04,6.012000000000000000e+03
1.174700000000000000e+04,6.209000000000000000e+03
1.211300000000000000e+04,6.383000000000000000e+03
1.256600000000000000e+04,6.478000000000000000e+03
1.284900000000000000e+04,6.751000000000000000e+03
1.323200000000000000e+04,6.932000000000000000e+03
1.510000000000000000e+02,1.730000000000000000e+02
1.361100000000000000e+04,7.125000000000000000e+03
1.404000000000000000e+04,7.276000000000000000e+03
1.439500000000000000e+04,7.509000000000000000e+03
1.474600000000000000e+04,7.158000000000000000e+03
1.517500000000000000e+04,7.929000000000000000e+03
1.561400000000000000e+04,8.102000000000000000e+03
1.599600000000000000e+04,7.720000000000000000e+03
1.640900000000000000e+04,8.555000000000000000e+03
1.689600000000000000e+04,8.704000000000000000e+03
1.739000000000000000e+04,8.854000000000000000e+03
1.950000000000000000e+02,2.050000000000000000e+02
1.773300000000000000e+04,9.163000000000000000e+03
1.813400000000000000e+04,8.762000000000000000e+03
1.861500000000000000e+04,9.609000000000000000e+03
1.908600000000000000e+04,9.814000000000000000e+03
1.954500000000000000e+04,1.003900000000000000e+04
2.003800000000000000e+04,1.023800000000000000e+04
2.049400000000000000e+04,1.048200000000000000e+04
2.099300000000000000e+04,1.069100000000000000e+04
2.149600000000000000e+04,1.090400000000000000e+04
2.197900000000000000e+04,1.114500000000000000e+04
2.460000000000000000e+02,2.380000000000000000e+02
2.241300000000000000e+04,1.144300000000000000e+04
2.294100000000000000e+04,1.165500000000000000e+04
2.333600000000000000e+04,1.200800000000000000e+04
2.386500000000000000e+04,1.223500000000000000e+04
2.446100000000000000e+04,1.240300000000000000e+04
2.497000000000000000e+04,1.266600000000000000e+04
2.550600000000000000e+04,1.291000000000000000e+04
2.600100000000000000e+04,1.320300000000000000e+04
2.652400000000000000e+04,1.347600000000000000e+04
2.708500000000000000e+04,1.371900000000000000e+04
7.000000000000000000e+00,9.000000000000000000e+00
3.110000000000000000e+02,2.650000000000000000e+02
2.764700000000000000e+04,1.315700000000000000e+04
2.813700000000000000e+04,1.429900000000000000e+04
2.869700000000000000e+04,1.456700000000000000e+04
2.926600000000000000e+04,1.399800000000000000e+04
2.980600000000000000e+04,1.513800000000000000e+04
3.043000000000000000e+04,1.536600000000000000e+04
3.104100000000000000e+04,1.561500000000000000e+04
3.149100000000000000e+04,1.516500000000000000e+04
3.220600000000000000e+04,1.531800000000000000e+04
3.270500000000000000e+04,1.569500000000000000e+04
3.650000000000000000e+02,3.110000000000000000e+02
3.341900000000000000e+04,1.675700000000000000e+04
3.407600000000000000e+04,1.700000000000000000e+04
3.461300000000000000e+04,1.737100000000000000e+04
3.527800000000000000e+04,1.762200000000000000e+04
3.593900000000000000e+04,1.788500000000000000e+04
3.650500000000000000e+04,1.825100000000000000e+04
3.717100000000000000e+04,1.852500000000000000e+04
3.767400000000000000e+04,1.802200000000000000e+04
3.842900000000000000e+04,1.917100000000000000e+04
3.906500000000000000e+04,1.949900000000000000e+04
4.380000000000000000e+02,3.460000000000000000e+02
3.979700000000000000e+04,1.973900000000000000e+04
4.040600000000000000e+04,2.011000000000000000e+04
4.104100000000000000e+04,2.046300000000000000e+04
4.186900000000000000e+04,2.063100000000000000e+04
4.240600000000000000e+04,2.009400000000000000e+04
4.318400000000000000e+04,2.133200000000000000e+04
5.000000000000000000e+02,4.000000000000000000e+02
5.930000000000000000e+02,4.310000000000000000e+02
6.570000000000000000e+02,4.990000000000000000e+02
7.380000000000000000e+02,5.580000000000000000e+02
8.390000000000000000e+02,6.050000000000000000e+02
9.470000000000000000e+02,6.530000000000000000e+02
1.021000000000000000e+03,7.430000000000000000e+02
2.000000000000000000e+01,4.400000000000000000e+01
1.147000000000000000e+03,7.890000000000000000e+02
1.270000000000000000e+03,8.460000000000000000e+02
1.384000000000000000e+03,9.200000000000000000e+02
1.510000000000000000e+03,9.900000000000000000e+02
1.636000000000000000e+03,1.068000000000000000e+03
1.780000000000000000e+03,1.136000000000000000e+03
1.921000000000000000e+03,1.215000000000000000e+03
2.091000000000000000e+03,1.273000000000000000e+03
2.245000000000000000e+03,1.355000000000000000e+03
2.404000000000000000e+03,1.440000000000000000e+03
3.400000000000000000e+01,6.600000000000000000e+01
2.546000000000000000e+03,1.550000000000000000e+03
2.666000000000000000e+03,1.430000000000000000e+03
2.873000000000000000e+03,1.483000000000000000e+03
3.066000000000000000e+03,1.834000000000000000e+03
3.224000000000000000e+03,1.676000000000000000e+03
3.425000000000000000e+03,1.759000000000000000e+03
3.645000000000000000e+03,2.131000000000000000e+03
3.857000000000000000e+03,2.227000000000000000e+03
4.079000000000000000e+03,2.321000000000000000e+03
4.240000000000000000e+03,2.160000000000000000e+03
5.900000000000000000e+01,8.500000000000000000e+01
4.482000000000000000e+03,2.242000000000000000e+03
4.703000000000000000e+03,2.353000000000000000e+03
4.986000000000000000e+03,2.758000000000000000e+03
5.111000000000000000e+03,2.989000000000000000e+03
5.379000000000000000e+03,3.085000000000000000e+03
5.625000000000000000e+03,3.211000000000000000e+03
5.894000000000000000e+03,3.322000000000000000e+03
6.148000000000000000e+03,3.456000000000000000e+03
6.397000000000000000e+03,3.207000000000000000e+03
6.688000000000000000e+03,3.312000000000000000e+03
8.000000000000000000e+01,1.160000000000000000e+02
6.978000000000000000e+03,3.838000000000000000e+03
7.226000000000000000e+03,4.010000000000000000e+03
7.535000000000000000e+03,4.129000000000000000e+03
7.856000000000000000e+03,4.244000000000000000e+03
8.140000000000000000e+03,4.404000000000000000e+03
8.412000000000000000e+03,4.584000000000000000e+03
8.685000000000000000e+03,4.311000000000000000e+03
9.024000000000000000e+03,4.900000000000000000e+03
9.354000000000000000e+03,5.046000000000000000e+03
9.712000000000000000e+03,5.172000000000000000e+03
1.250000000000000000e+02,1.310000000000000000e+02
9.972000000000000000e+03,5.404000000000000000e+03
1.035600000000000000e+04,5.520000000000000000e+03
1.074100000000000000e+04,5.643000000000000000e+03
1.107200000000000000e+04,5.828000000000000000e+03
1.139700000000000000e+04,6.027000000000000000e+03
1.175800000000000000e+04,6.198000000000000000e+03
1.210200000000000000e+04,6.394000000000000000e+03
1.256500000000000000e+04,6.479000000000000000e+03
1.283700000000000000e+04,6.207000000000000000e+03
1.322900000000000000e+04,6.935000000000000000e+03
1.520000000000000000e+02,1.720000000000000000e+02
1.360100000000000000e+04,7.135000000000000000e+03
1.403900000000000000e+04,7.277000000000000000e+03
1.439500000000000000e+04,7.509000000000000000e+03
1.474400000000000000e+04,7.756000000000000000e+03
1.516900000000000000e+04,7.935000000000000000e+03
1.562300000000000000e+04,8.093000000000000000e+03
1.599900000000000000e+04,8.337000000000000000e+03
1.640000000000000000e+04,8.564000000000000000e+03
1.690200000000000000e+04,8.698000000000000000e+03
1.738400000000000000e+04,8.860000000000000000e+03
1.940000000000000000e+02,2.060000000000000000e+02
1.773200000000000000e+04,9.164000000000000000e+03
1.812700000000000000e+04,8.769000000000000000e+03
1.862400000000000000e+04,9.600000000000000000e+03
1.906900000000000000e+04,9.831000000000000000e+03
1.954800000000000000e+04,1.003600000000000000e+04
2.002900000000000000e+04,1.024700000000000000e+04
2.049600000000000000e+04,1.048000000000000000e+04
2.098800000000000000e+04,1.069600000000000000e+04
2.149000000000000000e+04,1.091000000000000000e+04
2.199200000000000000e+04,1.113200000000000000e+04
2.480000000000000000e+02,2.360000000000000000e+02
2.240300000000000000e+04,1.072100000000000000e+04
2.293100000000000000e+04,1.092500000000000000e+04
2.332200000000000000e+04,1.127400000000000000e+04
2.388000000000000000e+04,1.222000000000000000e+04
2.444400000000000000e+04,1.165600000000000000e+04
2.498000000000000000e+04,1.265600000000000000e+04
2.548300000000000000e+04,1.293300000000000000e+04
2.599600000000000000e+04,1.320800000000000000e+04
2.652200000000000000e+04,1.268200000000000000e+04
2.710000000000000000e+04,1.370400000000000000e+04
