white,black
6.000000000000000000e+00,3.000000000000000000e+01
2.970000000000000000e+02,2.790000000000000000e+02
2.618900000000000000e+04,1.542700000000000000e+04
2.681700000000000000e+04,1.561900000000000000e+04
2.731800000000000000e+04,1.594600000000000000e+04
2.780600000000000000e+04,1.629400000000000000e+04
2.846400000000000000e+04,1.648000000000000000e+04
2.905500000000000000e+04,1.674100000000000000e+04
2.942300000000000000e+04,1.723300000000000000e+04
3.013100000000000000e+04,1.739300000000000000e+04
3.076200000000000000e+04,1.763800000000000000e+04
3.126100000000000000e+04,1.802300000000000000e+04
3.280000000000000000e+02,3.480000000000000000e+02
3.162700000000000000e+04,1.765700000000000000e+04
3.231600000000000000e+04,1.786000000000000000e+04
3.284100000000000000e+04,1.823500000000000000e+04
3.349000000000000000e+04,1.849400000000000000e+04
3.407400000000000000e+04,1.882600000000000000e+04
3.460900000000000000e+04,1.921500000000000000e+04
3.512400000000000000e+04,1.963200000000000000e+04
3.583000000000000000e+04,1.986600000000000000e+04
3.625100000000000000e+04,2.039300000000000000e+04
3.694900000000000000e+04,2.065100000000000000e+04
4.110000000000000000e+02,3.730000000000000000e+02
3.769600000000000000e+04,2.184000000000000000e+04
3.828700000000000000e+04,2.222900000000000000e+04
3.885400000000000000e+04,2.265000000000000000e+04
3.957400000000000000e+04,2.193000000000000000e+04
4.018700000000000000e+04,2.331700000000000000e+04
4.096600000000000000e+04,2.355000000000000000e+04
4.810000000000000000e+02,4.190000000000000000e+02
5.290000000000000000e+02,4.950000000000000000e+02
6.210000000000000000e+02,5.350000000000000000e+02
7.190000000000000000e+02,5.770000000000000000e+02
8.020000000000000000e+02,6.420000000000000000e+02
8.840000000000000000e+02,7.160000000000000000e+02
1.004000000000000000e+03,7.600000000000000000e+02
1.600000000000000000e+01,4.800000000000000000e+01
1.098000000000000000e+03,8.380000000000000000e+02
1.218000000000000000e+03,8.980000000000000000e+02
1.306000000000000000e+03,8.100000000000000000e+02
1.407000000000000000e+03,8.970000000000000000e+02
1.544000000000000000e+03,9.560000000000000000e+02
1.703000000000000000e+03,1.213000000000000000e+03
1.801000000000000000e+03,1.115000000000000000e+03
1.957000000000000000e+03,1.179000000000000000e+03
2.132000000000000000e+03,1.232000000000000000e+03
2.239000000000000000e+03,1.361000000000000000e+03
3.400000000000000000e+01,6.600000000000000000e+01
2.398000000000000000e+03,1.446000000000000000e+03
2.589000000000000000e+03,1.767000000000000000e+03
2.742000000000000000e+03,1.614000000000000000e+03
2.855000000000000000e+03,1.769000000000000000e+03
3.047000000000000000e+03,2.137000000000000000e+03
3.270000000000000000e+03,2.206000000000000000e+03
3.445000000000000000e+03,2.031000000000000000e+03
3.614000000000000000e+03,2.470000000000000000e+03
3.853000000000000000e+03,2.547000000000000000e+03
4.036000000000000000e+03,2.688000000000000000e+03
5.600000000000000000e+01,8.800000000000000000e+01
4.264000000000000000e+03,2.460000000000000000e+03
4.463000000000000000e+03,2.933000000000000000e+03
4.681000000000000000e+03,3.063000000000000000e+03
4.933000000000000000e+03,3.167000000000000000e+03
5.185000000000000000e+03,3.279000000000000000e+03
5.373000000000000000e+03,3.463000000000000000e+03
5.647000000000000000e+03,3.569000000000000000e+03
5.918000000000000000e+03,3.686000000000000000e+03
6.162000000000000000e+03,3.838000000000000000e+03
6.386000000000000000e+03,3.614000000000000000e+03
8.500000000000000000e+01,1.110000000000000000e+02
6.691000000000000000e+03,4.125000000000000000e+03
6.959000000000000000e+03,4.277000000000000000e+03
7.186000000000000000e+03,4.050000000000000000e+03
7.416000000000000000e+03,4.684000000000000000e+03
7.658000000000000000e+03,4.886000000000000000e+03
8.033000000000000000e+03,4.963000000000000000e+03
8.279000000000000000e+03,5.177000000000000000e+03
8.549000000000000000e+03,5.375000000000000000e+03
8.913000000000000000e+03,5.487000000000000000e+03
9.272000000000000000e+03,5.612000000000000000e+03
1.100000000000000000e+02,1.460000000000000000e+02
9.475000000000000000e+03,5.901000000000000000e+03
9.860000000000000000e+03,6.016000000000000000e+03
1.022000000000000000e+04,6.164000000000000000e+03
1.052100000000000000e+04,6.379000000000000000e+03
1.086200000000000000e+04,6.562000000000000000e+03
1.124000000000000000e+04,6.716000000000000000e+03
1.143300000000000000e+04,6.523000000000000000e+03
1.180700000000000000e+04,6.689000000000000000e+03
1.215500000000000000e+04,6.889000000000000000e+03
1.250300000000000000e+04,7.097000000000000000e+03
1.520000000000000000e+02,1.720000000000000000e+02
1.291000000000000000e+04,7.254000000000000000e+03
1.336400000000000000e+04,7.952000000000000000e+03
1.360700000000000000e+04,7.709000000000000000e+03
1.402900000000000000e+04,7.875000000000000000e+03
1.439400000000000000e+04,8.106000000000000000e+03
1.473500000000000000e+04,8.369000000000000000e+03
1.507800000000000000e+04,8.638000000000000000e+03
1.552800000000000000e+04,9.436000000000000000e+03
1.594300000000000000e+04,9.657000000000000000e+03
1.631900000000000000e+04,9.925000000000000000e+03
1.920000000000000000e+02,2.080000000000000000e+02
1.677600000000000000e+04,1.012000000000000000e+04
1.720000000000000000e+04,1.035600000000000000e+04
1.766200000000000000e+04,1.056200000000000000e+04
1.807200000000000000e+04,1.082800000000000000e+04
1.850100000000000000e+04,1.108300000000000000e+04
1.899200000000000000e+04,1.128400000000000000e+04
1.950000000000000000e+04,1.147600000000000000e+04
1.981400000000000000e+04,1.116200000000000000e+04
2.037100000000000000e+04,1.202900000000000000e+04
2.087400000000000000e+04,1.225000000000000000e+04
2.490000000000000000e+02,2.350000000000000000e+02
2.141400000000000000e+04,1.244200000000000000e+04
2.175500000000000000e+04,1.210100000000000000e+04
2.232400000000000000e+04,1.302000000000000000e+04
2.285900000000000000e+04,1.324100000000000000e+04
2.335700000000000000e+04,1.350700000000000000e+04
2.361700000000000000e+04,1.401900000000000000e+04
2.417900000000000000e+04,1.423700000000000000e+04
2.471400000000000000e+04,1.449000000000000000e+04
2.528000000000000000e+04,1.472000000000000000e+04
2.572900000000000000e+04,1.507500000000000000e+04
6.000000000000000000e+00,3.000000000000000000e+01
2.970000000000000000e+02,2.790000000000000000e+02
2.618200000000000000e+04,1.462200000000000000e+04
2.682800000000000000e+04,1.560800000000000000e+04
2.733100000000000000e+04,1.510500000000000000e+04
2.779000000000000000e+04,1.547400000000000000e+04
2.846400000000000000e+04,1.563600000000000000e+04
2.905800000000000000e+04,1.673800000000000000e+04
2.943000000000000000e+04,1.636600000000000000e+04
3.012900000000000000e+04,1.739500000000000000e+04
3.077200000000000000e+04,1.762800000000000000e+04
3.125900000000000000e+04,1.714100000000000000e+04
3.290000000000000000e+02,2.470000000000000000e+02
3.162600000000000000e+04,1.855000000000000000e+04
3.230600000000000000e+04,1.877000000000000000e+04
3.283700000000000000e+04,1.914700000000000000e+04
3.349900000000000000e+04,1.940100000000000000e+04
3.406400000000000000e+04,1.976000000000000000e+04
3.459800000000000000e+04,2.015800000000000000e+04
3.511500000000000000e+04,2.058100000000000000e+04
3.584700000000000000e+04,1.984900000000000000e+04
3.625100000000000000e+04,2.039300000000000000e+04
3.695100000000000000e+04,2.064900000000000000e+04
4.100000000000000000e+02,2.660000000000000000e+02
3.770700000000000000e+04,2.182900000000000000e+04
3.828900000000000000e+04,2.222700000000000000e+04
3.885100000000000000e+04,2.265300000000000000e+04
3.957100000000000000e+04,2.193300000000000000e+04
4.019700000000000000e+04,2.330700000000000000e+04
4.095600000000000000e+04,2.356000000000000000e+04
4.830000000000000000e+02,3.010000000000000000e+02
5.270000000000000000e+02,3.730000000000000000e+02
6.260000000000000000e+02,3.980000000000000000e+02
7.180000000000000000e+02,5.780000000000000000e+02
8.040000000000000000e+02,4.920000000000000000e+02
8.830000000000000000e+02,5.610000000000000000e+02
1.007000000000000000e+03,7.570000000000000000e+02
1.600000000000000000e+01,4.800000000000000000e+01
1.095000000000000000e+03,6.690000000000000000e+02
1.222000000000000000e+03,8.940000000000000000e+02
1.305000000000000000e+03,9.990000000000000000e+02
1.411000000000000000e+03,1.089000000000000000e+03
1.543000000000000000e+03,9.570000000000000000e+02
1.700000000000000000e+03,1.216000000000000000e+03
1.794000000000000000e+03,1.342000000000000000e+03
1.958000000000000000e+03,1.406000000000000000e+03
2.135000000000000000e+03,1.465000000000000000e+03
2.237000000000000000e+03,1.607000000000000000e+03
3.400000000000000000e+01,6.600000000000000000e+01
2.401000000000000000e+03,1.695000000000000000e+03
2.593000000000000000e+03,1.763000000000000000e+03
2.742000000000000000e+03,1.614000000000000000e+03
2.862000000000000000e+03,1.762000000000000000e+03
3.043000000000000000e+03,1.857000000000000000e+03
3.268000000000000000e+03,2.208000000000000000e+03
3.444000000000000000e+03,2.032000000000000000e+03
3.617000000000000000e+03,2.467000000000000000e+03
3.856000000000000000e+03,2.544000000000000000e+03
4.038000000000000000e+03,2.686000000000000000e+03
5.700000000000000000e+01,8.700000000000000000e+01
4.269000000000000000e+03,2.787000000000000000e+03
4.463000000000000000e+03,2.933000000000000000e+03
4.683000000000000000e+03,3.061000000000000000e+03
4.937000000000000000e+03,3.163000000000000000e+03
5.186000000000000000e+03,3.278000000000000000e+03
5.374000000000000000e+03,3.462000000000000000e+03
5.644000000000000000e+03,3.572000000000000000e+03
5.913000000000000000e+03,3.691000000000000000e+03
6.162000000000000000e+03,3.838000000000000000e+03
6.377000000000000000e+03,4.027000000000000000e+03
8.500000000000000000e+01,1.110000000000000000e+02
6.699000000000000000e+03,4.117000000000000000e+03
6.960000000000000000e+03,4.276000000000000000e+03
7.194000000000000000e+03,4.470000000000000000e+03
7.409000000000000000e+03,4.255000000000000000e+03
7.661000000000000000e+03,4.439000000000000000e+03
8.033000000000000000e+03,4.511000000000000000e+03
8.278000000000000000e+03,4.718000000000000000e+03
8.545000000000000000e+03,4.911000000000000000e+03
8.912000000000000000e+03,5.488000000000000000e+03
9.275000000000000000e+03,5.609000000000000000e+03
1.090000000000000000e+02,1.470000000000000000e+02
9.469000000000000000e+03,5.415000000000000000e+03
9.855000000000000000e+03,5.521000000000000000e+03
1.022900000000000000e+04,6.155000000000000000e+03
1.050600000000000000e+04,5.878000000000000000e+03
1.085700000000000000e+04,6.567000000000000000e+03
1.124100000000000000e+04,6.715000000000000000e+03
1.143300000000000000e+04,6.523000000000000000e+03
1.181300000000000000e+04,6.683000000000000000e+03
1.215500000000000000e+04,7.445000000000000000e+03
1.249800000000000000e+04,7.666000000000000000e+03
1.520000000000000000e+02,1.720000000000000000e+02
1.291700000000000000e+04,7.819000000000000000e+03
1.335300000000000000e+04,7.963000000000000000e+03
1.359700000000000000e+04,8.307000000000000000e+03
1.403200000000000000e+04,8.468000000000000000e+03
1.440100000000000000e+04,8.099000000000000000e+03
1.472800000000000000e+04,8.376000000000000000e+03
1.507000000000000000e+04,8.646000000000000000e+03
1.552800000000000000e+04,8.808000000000000000e+03
1.595700000000000000e+04,9.643000000000000000e+03
1.630400000000000000e+04,9.940000000000000000e+03
1.920000000000000000e+02,2.080000000000000000e+02
1.676500000000000000e+04,1.013100000000000000e+04
1.720700000000000000e+04,9.689000000000000000e+03
1.765900000000000000e+04,1.056500000000000000e+04
1.807300000000000000e+04,1.082700000000000000e+04
1.849900000000000000e+04,1.108500000000000000e+04
1.899500000000000000e+04,1.128100000000000000e+04
1.948300000000000000e+04,1.149300000000000000e+04
1.983100000000000000e+04,1.185300000000000000e+04
2.037400000000000000e+04,1.202600000000000000e+04
2.088300000000000000e+04,1.224100000000000000e+04
2.490000000000000000e+02,2.350000000000000000e+02
2.140800000000000000e+04,1.244800000000000000e+04
2.175200000000000000e+04,1.284400000000000000e+04
2.232900000000000000e+04,1.301500000000000000e+04
2.286800000000000000e+04,1.323200000000000000e+04
2.335600000000000000e+04,1.350800000000000000e+04
2.361000000000000000e+04,1.325400000000000000e+04
2.416800000000000000e+04,1.346800000000000000e+04
2.470900000000000000e+04,1.449500000000000000e+04
2.529200000000000000e+04,1.391200000000000000e+04
2.571500000000000000e+04,1.428500000000000000e+04
