white,black
6.000000000000000000e+00,1.000000000000000000e+01
3.240000000000000000e+02,2.520000000000000000e+02
2.852900000000000000e+04,1.308700000000000000e+04
2.904600000000000000e+04,1.339000000000000000e+04
2.971700000000000000e+04,1.354700000000000000e+04
3.031500000000000000e+04,1.378500000000000000e+04
3.075600000000000000e+04,1.334400000000000000e+04
3.130800000000000000e+04,1.448800000000000000e+04
3.200900000000000000e+04,1.464700000000000000e+04
3.262000000000000000e+04,1.490400000000000000e+04
3.334200000000000000e+04,1.505800000000000000e+04
3.390500000000000000e+04,1.537900000000000000e+04
3.780000000000000000e+02,2.980000000000000000e+02
3.464000000000000000e+04,1.553600000000000000e+04
3.503200000000000000e+04,1.604400000000000000e+04
3.575200000000000000e+04,1.623200000000000000e+04
3.633500000000000000e+04,1.564900000000000000e+04
3.709700000000000000e+04,1.672700000000000000e+04
3.768100000000000000e+04,1.707500000000000000e+04
3.853700000000000000e+04,1.715900000000000000e+04
3.914600000000000000e+04,1.749800000000000000e+04
3.963900000000000000e+04,1.796100000000000000e+04
4.045900000000000000e+04,1.810500000000000000e+04
4.430000000000000000e+02,3.410000000000000000e+02
4.113300000000000000e+04,1.840300000000000000e+04
4.193700000000000000e+04,1.857900000000000000e+04
4.256600000000000000e+04,1.893800000000000000e+04
4.338800000000000000e+04,1.911200000000000000e+04
4.410500000000000000e+04,1.939900000000000000e+04
4.462900000000000000e+04,1.988700000000000000e+04
5.280000000000000000e+02,3.720000000000000000e+02
6.020000000000000000e+02,4.220000000000000000e+02
7.010000000000000000e+02,4.550000000000000000e+02
8.040000000000000000e+02,4.920000000000000000e+02
8.730000000000000000e+02,5.710000000000000000e+02
9.610000000000000000e+02,6.390000000000000000e+02
1.036000000000000000e+03,5.640000000000000000e+02
1.600000000000000000e+01,4.800000000000000000e+01
1.187000000000000000e+03,7.490000000000000000e+02
1.295000000000000000e+03,8.210000000000000000e+02
1.433000000000000000e+03,8.710000000000000000e+02
1.551000000000000000e+03,9.490000000000000000e+02
1.668000000000000000e+03,8.320000000000000000e+02
1.794000000000000000e+03,1.122000000000000000e+03
1.969000000000000000e+03,1.167000000000000000e+03
2.110000000000000000e+03,1.026000000000000000e+03
2.296000000000000000e+03,1.304000000000000000e+03
2.462000000000000000e+03,1.382000000000000000e+03
4.100000000000000000e+01,5.900000000000000000e+01
2.664000000000000000e+03,1.432000000000000000e+03
2.746000000000000000e+03,1.350000000000000000e+03
2.963000000000000000e+03,1.661000000000000000e+03
3.135000000000000000e+03,1.765000000000000000e+03
3.373000000000000000e+03,1.811000000000000000e+03
3.555000000000000000e+03,1.921000000000000000e+03
3.797000000000000000e+03,1.979000000000000000e+03
3.924000000000000000e+03,2.160000000000000000e+03
4.171000000000000000e+03,1.913000000000000000e+03
4.355000000000000000e+03,2.369000000000000000e+03
5.200000000000000000e+01,4.800000000000000000e+01
4.644000000000000000e+03,2.412000000000000000e+03
4.913000000000000000e+03,2.483000000000000000e+03
5.157000000000000000e+03,2.587000000000000000e+03
5.448000000000000000e+03,2.652000000000000000e+03
5.564000000000000000e+03,2.900000000000000000e+03
5.862000000000000000e+03,2.974000000000000000e+03
6.114000000000000000e+03,3.102000000000000000e+03
6.451000000000000000e+03,3.153000000000000000e+03
6.698000000000000000e+03,3.302000000000000000e+03
7.017000000000000000e+03,3.387000000000000000e+03
8.900000000000000000e+01,1.070000000000000000e+02
7.309000000000000000e+03,3.507000000000000000e+03
7.527000000000000000e+03,3.709000000000000000e+03
7.777000000000000000e+03,3.887000000000000000e+03
8.155000000000000000e+03,3.945000000000000000e+03
8.426000000000000000e+03,4.118000000000000000e+03
8.843000000000000000e+03,4.153000000000000000e+03
8.967000000000000000e+03,4.489000000000000000e+03
9.344000000000000000e+03,4.580000000000000000e+03
9.502000000000000000e+03,4.422000000000000000e+03
9.924000000000000000e+03,4.960000000000000000e+03
1.190000000000000000e+02,1.370000000000000000e+02
1.032600000000000000e+04,5.050000000000000000e+03
1.063700000000000000e+04,5.239000000000000000e+03
1.105700000000000000e+04,5.327000000000000000e+03
1.142200000000000000e+04,5.478000000000000000e+03
1.168900000000000000e+04,5.735000000000000000e+03
1.202300000000000000e+04,5.401000000000000000e+03
1.246200000000000000e+04,6.034000000000000000e+03
1.280900000000000000e+04,6.235000000000000000e+03
1.330200000000000000e+04,6.298000000000000000e+03
1.365800000000000000e+04,6.506000000000000000e+03
1.700000000000000000e+02,1.540000000000000000e+02
1.411800000000000000e+04,6.618000000000000000e+03
1.432000000000000000e+04,6.996000000000000000e+03
1.484300000000000000e+04,6.473000000000000000e+03
1.522100000000000000e+04,7.279000000000000000e+03
1.571900000000000000e+04,7.385000000000000000e+03
1.610100000000000000e+04,7.615000000000000000e+03
1.659500000000000000e+04,7.741000000000000000e+03
1.704300000000000000e+04,7.921000000000000000e+03
1.737400000000000000e+04,8.226000000000000000e+03
1.793000000000000000e+04,8.314000000000000000e+03
2.120000000000000000e+02,1.880000000000000000e+02
1.833800000000000000e+04,8.558000000000000000e+03
1.891200000000000000e+04,8.644000000000000000e+03
1.934000000000000000e+04,8.884000000000000000e+03
1.989100000000000000e+04,9.009000000000000000e+03
2.012100000000000000e+04,9.463000000000000000e+03
2.074200000000000000e+04,9.534000000000000000e+03
2.118500000000000000e+04,9.791000000000000000e+03
2.178000000000000000e+04,9.904000000000000000e+03
2.224600000000000000e+04,1.015400000000000000e+04
2.281500000000000000e+04,1.030900000000000000e+04
2.720000000000000000e+02,2.120000000000000000e+02
2.333400000000000000e+04,1.052200000000000000e+04
2.371900000000000000e+04,1.087700000000000000e+04
2.419600000000000000e+04,1.114800000000000000e+04
2.482700000000000000e+04,1.127300000000000000e+04
2.510400000000000000e+04,1.099600000000000000e+04
2.573800000000000000e+04,1.189800000000000000e+04
2.623100000000000000e+04,1.218500000000000000e+04
2.686800000000000000e+04,1.233600000000000000e+04
2.720900000000000000e+04,1.279100000000000000e+04
2.786100000000000000e+04,1.213900000000000000e+04
6.000000000000000000e+00,1.000000000000000000e+01
3.270000000000000000e+02,2.490000000000000000e+02
2.852700000000000000e+04,1.308900000000000000e+04
2.904300000000000000e+04,1.257300000000000000e+04
2.972500000000000000e+04,1.353900000000000000e+04
3.031300000000000000e+04,1.378700000000000000e+04
3.075400000000000000e+04,1.334600000000000000e+04
3.131000000000000000e+04,1.363400000000000000e+04
3.200800000000000000e+04,1.378800000000000000e+04
3.262500000000000000e+04,1.403100000000000000e+04
3.334500000000000000e+04,1.505500000000000000e+04
3.390400000000000000e+04,1.538000000000000000e+04
3.760000000000000000e+02,3.000000000000000000e+02
3.463200000000000000e+04,1.554400000000000000e+04
3.503100000000000000e+04,1.514500000000000000e+04
3.576600000000000000e+04,1.621800000000000000e+04
3.634500000000000000e+04,1.655500000000000000e+04
3.709000000000000000e+04,1.673400000000000000e+04
3.767300000000000000e+04,1.708300000000000000e+04
3.853300000000000000e+04,1.716300000000000000e+04
3.914700000000000000e+04,1.749700000000000000e+04
3.963400000000000000e+04,1.796600000000000000e+04
4.045100000000000000e+04,1.811300000000000000e+04
4.390000000000000000e+02,3.450000000000000000e+02
4.113500000000000000e+04,1.840100000000000000e+04
4.193900000000000000e+04,1.857700000000000000e+04
4.256000000000000000e+04,1.894400000000000000e+04
4.338500000000000000e+04,1.911500000000000000e+04
4.410600000000000000e+04,1.939800000000000000e+04
4.463000000000000000e+04,1.988600000000000000e+04
5.270000000000000000e+02,3.730000000000000000e+02
6.030000000000000000e+02,4.210000000000000000e+02
7.010000000000000000e+02,4.550000000000000000e+02
7.990000000000000000e+02,4.970000000000000000e+02
8.660000000000000000e+02,5.780000000000000000e+02
9.590000000000000000e+02,6.410000000000000000e+02
1.041000000000000000e+03,5.590000000000000000e+02
1.600000000000000000e+01,2.000000000000000000e+01
1.186000000000000000e+03,7.500000000000000000e+02
1.291000000000000000e+03,6.450000000000000000e+02
1.433000000000000000e+03,8.710000000000000000e+02
1.553000000000000000e+03,9.470000000000000000e+02
1.667000000000000000e+03,1.037000000000000000e+03
1.795000000000000000e+03,9.090000000000000000e+02
1.972000000000000000e+03,1.164000000000000000e+03
2.114000000000000000e+03,1.022000000000000000e+03
2.293000000000000000e+03,1.307000000000000000e+03
2.458000000000000000e+03,1.386000000000000000e+03
4.100000000000000000e+01,5.900000000000000000e+01
2.666000000000000000e+03,1.430000000000000000e+03
2.744000000000000000e+03,1.352000000000000000e+03
2.957000000000000000e+03,1.667000000000000000e+03
3.133000000000000000e+03,1.491000000000000000e+03
3.376000000000000000e+03,1.808000000000000000e+03
3.556000000000000000e+03,1.920000000000000000e+03
3.794000000000000000e+03,1.982000000000000000e+03
3.921000000000000000e+03,1.855000000000000000e+03
4.174000000000000000e+03,2.226000000000000000e+03
4.356000000000000000e+03,2.368000000000000000e+03
5.200000000000000000e+01,9.200000000000000000e+01
4.642000000000000000e+03,2.414000000000000000e+03
4.910000000000000000e+03,2.486000000000000000e+03
5.157000000000000000e+03,2.587000000000000000e+03
5.445000000000000000e+03,2.655000000000000000e+03
5.564000000000000000e+03,2.900000000000000000e+03
5.870000000000000000e+03,2.966000000000000000e+03
6.116000000000000000e+03,3.100000000000000000e+03
6.449000000000000000e+03,3.155000000000000000e+03
6.695000000000000000e+03,3.305000000000000000e+03
7.018000000000000000e+03,3.386000000000000000e+03
8.900000000000000000e+01,1.070000000000000000e+02
7.314000000000000000e+03,3.502000000000000000e+03
7.523000000000000000e+03,3.713000000000000000e+03
7.782000000000000000e+03,3.882000000000000000e+03
8.157000000000000000e+03,3.943000000000000000e+03
8.427000000000000000e+03,4.117000000000000000e+03
8.834000000000000000e+03,4.162000000000000000e+03
8.966000000000000000e+03,4.490000000000000000e+03
9.350000000000000000e+03,4.574000000000000000e+03
9.503000000000000000e+03,4.421000000000000000e+03
9.930000000000000000e+03,4.470000000000000000e+03
1.170000000000000000e+02,1.390000000000000000e+02
1.032900000000000000e+04,5.047000000000000000e+03
1.064000000000000000e+04,4.736000000000000000e+03
1.105400000000000000e+04,5.330000000000000000e+03
1.141700000000000000e+04,5.483000000000000000e+03
1.168100000000000000e+04,5.219000000000000000e+03
1.202900000000000000e+04,5.927000000000000000e+03
1.246700000000000000e+04,6.029000000000000000e+03
1.280900000000000000e+04,5.687000000000000000e+03
1.329800000000000000e+04,6.302000000000000000e+03
1.365900000000000000e+04,6.505000000000000000e+03
1.700000000000000000e+02,1.540000000000000000e+02
1.412600000000000000e+04,6.610000000000000000e+03
1.431200000000000000e+04,6.424000000000000000e+03
1.483800000000000000e+04,7.066000000000000000e+03
1.523000000000000000e+04,7.270000000000000000e+03
1.571500000000000000e+04,7.389000000000000000e+03
1.609600000000000000e+04,7.008000000000000000e+03
1.659000000000000000e+04,7.746000000000000000e+03
1.705400000000000000e+04,7.910000000000000000e+03
1.737800000000000000e+04,8.222000000000000000e+03
1.791600000000000000e+04,8.328000000000000000e+03
2.120000000000000000e+02,1.880000000000000000e+02
1.832900000000000000e+04,8.567000000000000000e+03
1.891800000000000000e+04,8.638000000000000000e+03
1.933600000000000000e+04,8.888000000000000000e+03
1.988900000000000000e+04,9.011000000000000000e+03
2.012500000000000000e+04,9.459000000000000000e+03
2.073900000000000000e+04,9.537000000000000000e+03
2.117700000000000000e+04,9.799000000000000000e+03
2.177000000000000000e+04,9.914000000000000000e+03
2.224100000000000000e+04,1.015900000000000000e+04
2.282100000000000000e+04,1.030300000000000000e+04
2.710000000000000000e+02,2.130000000000000000e+02
2.333500000000000000e+04,1.052100000000000000e+04
2.372800000000000000e+04,1.086800000000000000e+04
2.421000000000000000e+04,1.113400000000000000e+04
2.481500000000000000e+04,1.128500000000000000e+04
2.510200000000000000e+04,1.099800000000000000e+04
2.572800000000000000e+04,1.190800000000000000e+04
2.622000000000000000e+04,1.219600000000000000e+04
2.688000000000000000e+04,1.232400000000000000e+04
2.720500000000000000e+04,1.199900000000000000e+04
2.785800000000000000e+04,1.214200000000000000e+04
