fd_box, fd_min, fd_mass
-8.961245916143293355e-01,4.656277084912301412e-01,1.536392536844269685e+00
-8.644889242167382859e-01,5.352685065377593698e-01,1.440273472185083170e+00
-5.443701220086675230e-01,1.298426024724617989e+00,2.915421584353355411e-01
-9.759458371859048853e-01,2.901213231203823018e-01,1.710432950982389011e+00
-8.409522852074653443e-01,5.757333697122364313e-01,1.373860806076843355e+00
-9.105461346866984274e-01,4.561762077633628731e-01,1.548245785392331264e+00
-8.083441567186381294e-01,6.285695905887550561e-01,1.283039945415398453e+00
-8.008839026598519872e-01,6.363781497713053570e-01,1.269836562951819348e+00
-7.835138861983710346e-01,6.689047447712538341e-01,1.215515339304685360e+00
-9.283644925465454056e-01,4.107174952418337077e-01,1.601891035639572580e+00
-7.449745854601280692e-01,8.741584661285328739e-01,8.909988555154186862e-01
-8.185117875062956072e-01,5.983988711422463247e-01,1.334859768692560733e+00
-7.843620362189630546e-01,6.755494648447571970e-01,1.204469577291351401e+00
-8.471930468182095053e-01,5.555675632189832625e-01,1.407629102387646824e+00
-7.783041991689357841e-01,6.627160966221062877e-01,1.225707457312103399e+00
-7.893915267778190969e-01,6.998311194118225220e-01,1.164798023247161973e+00
-7.540370309750560329e-01,7.700499176251935918e-01,1.052336099379541867e+00
-1.240689710118717676e-01,1.820567529471839086e+00,-3.343629806015300984e-17
-8.447472086033757099e-01,5.606837741799332031e-01,1.399151024089986706e+00
-7.342035161965717593e-01,8.338449827166346529e-01,9.530359877712324401e-01
-7.797746965146595821e-01,6.929660481713757481e-01,1.175940240967670691e+00
-8.709351977460958460e-01,5.168273143990154139e-01,1.468212758490185843e+00
-8.737679281197191505e-01,5.119213084361562416e-01,1.475187625958830351e+00
-5.685042089654200881e-01,1.233023810926553443e+00,3.788414601230694623e-01
-9.142131545490530531e-01,4.420361345796440244e-01,1.565568958742292738e+00
-9.430589354485614528e-01,3.775725465942181835e-01,1.635334274741215621e+00
-7.500487515988467635e-01,8.228290589554472234e-01,9.700392979114345060e-01
-8.000494880135924358e-01,6.488576455167681667e-01,1.248800217025101356e+00
-3.803669573474414145e-01,1.641264595362522893e+00,2.064054405835610145e-02
-9.317532479252477184e-01,4.013073160928586347e-01,1.612118898998816219e+00
-5.767238230020085288e-01,1.200743773905289302e+00,4.215054455554632651e-01
-7.569577653622531210e-01,8.124310703978615544e-01,9.861559729201283542e-01
-9.488807390754488980e-01,3.623628196159847104e-01,1.648463088175347924e+00
-8.806714302717154608e-01,5.071606282560122692e-01,1.481716527641083081e+00
-8.286829955010264204e-01,5.856025293884454808e-01,1.356984432145999619e+00
-7.964689470201324895e-01,6.845060254181675186e-01,1.189791126446144265e+00
-6.872861326012889016e-01,9.819561757753386688e-01,7.268719040272715315e-01
-6.211784746547689418e-01,1.143961800439021514e+00,4.955606841349906588e-01
-9.741892902304759572e-01,2.944214898086424670e-01,1.706833533515000667e+00
-8.779595279293033183e-01,5.030027155172834830e-01,1.487415129561389548e+00
-8.666434063837882285e-01,5.251295823172491550e-01,1.455907873267215935e+00
-7.665695255198775593e-01,7.402869352072189990e-01,1.099434774426206740e+00
-9.712995432493654047e-01,2.991911042125365294e-01,1.702772725737056625e+00
-9.426887718574769037e-01,3.881326047000951962e-01,1.626166055711326885e+00
-7.426169163005813534e-01,8.010327904762042373e-01,1.003906255915850920e+00
-8.889052217518067511e-01,4.888397251931122511e-01,1.506384578550946429e+00
-9.576150275626101882e-01,3.249775500750560209e-01,1.680910172639459077e+00
-5.317235829357107590e-01,1.331415067799607499e+00,2.500569408616100664e-01
-8.868395262988930661e-01,4.986771907469303433e-01,1.493246061225448118e+00
-8.278730325771890275e-01,5.811415331093344738e-01,1.364681913260541224e+00
-5.673528042966150542e-01,1.260487233449379740e+00,3.416554006610357241e-01
-8.246107594595561974e-01,5.918857212704188298e-01,1.346109313076627290e+00
-4.530175186095097284e-01,1.515479592678307785e+00,6.784475027397622593e-02
-5.317235829357107590e-01,1.377837582550244244e+00,1.994035459004992739e-01
-6.402428914595250653e-01,1.076469374543222113e+00,5.854950656412839516e-01
-9.504204469153481050e-01,3.349766228934772938e-01,1.672288196545653971e+00
-9.313102232360028765e-01,4.059778218315434062e-01,1.607065988067197360e+00
-7.346253496872245936e-01,8.888924264299640221e-01,8.685607000549590007e-01
-9.239477786829904948e-01,4.162184201191616584e-01,1.595463357091641443e+00
-7.612696128693368092e-01,7.332429331179358689e-01,1.110820061241280188e+00
-9.521155527479443492e-01,3.459000557059765946e-01,1.662863803359729387e+00
-9.581843684150757046e-01,3.143554903335325501e-01,1.690005559341598795e+00
-6.234504456474269096e-01,1.102316774101492536e+00,5.504169390699008568e-01
-7.466038372397408862e-01,7.501086970862612668e-01,1.083970457284696209e+00
-8.985362623861510301e-01,4.751822171312357623e-01,1.524236701142070549e+00
-6.683873755500233660e-01,1.054688611059432235e+00,6.172521945293513168e-01
-9.118861728896693331e-01,4.471261170913242711e-01,1.559355258765190655e+00
-7.340209329410199990e-01,7.922216227794471877e-01,1.017648471077176486e+00
-9.376204289986896923e-01,3.929207878708767532e-01,1.621160310681011074e+00
-6.737734748389165862e-01,9.972502517998359517e-01,7.037056910616233951e-01
-7.513011282492915166e-01,7.806855563539935039e-01,1.035653496853869537e+00
-8.593441276871429668e-01,5.443482006210931257e-01,1.425950931861047266e+00
-8.518067019889468128e-01,5.499468529607207667e-01,1.416827774274264540e+00
-9.231689990341936936e-01,4.249422858017060656e-01,1.585711621089570977e+00
-9.152494387844257728e-01,4.523185188146157665e-01,1.552924643012617789e+00
-8.060573763594012231e-01,6.156710862676403329e-01,1.305062309644821728e+00
-7.764859348199540934e-01,7.233133402863510808e-01,1.126790461439218571e+00
-7.167169846386195475e-01,9.146334141973184728e-01,8.292253632934279972e-01
-8.673716754627801562e-01,5.303955291583757337e-01,1.447864726333865315e+00
-9.625563051671011117e-01,3.200966362625770056e-01,1.684804195618528233e+00
-8.087528698675735539e-01,6.109747051102937254e-01,1.313115117103662355e+00
-8.855507808237876866e-01,4.933745071404896376e-01,1.500412154082543248e+00
-9.559840280245190947e-01,3.402974722402928309e-01,1.667769205763178553e+00
-8.907368266359603215e-01,4.800011407446435063e-01,1.517929447359038120e+00
-2.989448513517399264e-01,1.715754463236799809e+00,5.508315039609141726e-17
-6.704486433306050541e-01,1.016157078369117839e+00,6.753136416146005017e-01
-8.526219043235128137e-01,5.407843808022165799e-01,1.431511760473061168e+00
-8.036807432489588843e-01,6.412576357531528659e-01,1.261567722661369961e+00
-9.668994670099163580e-01,3.044850183648237230e-01,1.698207576844663835e+00
-9.165685158019570844e-01,4.339610963927742482e-01,1.575169792075055586e+00
-7.749438512080308872e-01,7.067674996197282900e-01,1.153478207048725501e+00
-7.026108877626884297e-01,9.327007958062673021e-01,8.017828549818092343e-01
-7.815362718171071643e-01,7.156621299529986047e-01,1.139173391300210669e+00
-8.999952302481077915e-01,4.700766561256451426e-01,1.530862884651023048e+00
-8.666609769828622634e-01,5.204650739615122035e-01,1.463028627916951985e+00
-7.167016279531384093e-01,9.631549028601993356e-01,7.554290177835183417e-01
-9.656364410367295203e-01,3.089973893427570006e-01,1.694600119788776560e+00
-8.894433088894705408e-01,4.834387656919146847e-01,1.513612563884481066e+00
-7.459949123242985980e-01,8.595736266466960096e-01,9.133502165325541045e-01
-9.345194970326056172e-01,3.969701384861103466e-01,1.616797932864392440e+00
-8.410385622816628493e-01,5.655413078927745696e-01,1.391094946466945093e+00
-9.237158861022007894e-01,4.295132687337950284e-01,1.580244082843519804e+00
-9.167009272513029217e-01,4.375484442427681753e-01,1.570833964360233148e+00
-8.417381676207323915e-01,5.717966307384552138e-01,1.380528292005722912e+00
-8.145014738203986138e-01,6.218308894770435691e-01,1.294493358109457537e+00
-4.323769745442531121e-01,1.582328338424338954e+00,1.316322297421738605e-02
-8.166767555262824940e-01,6.042926870065241651e-01,1.324659697843914019e+00
-7.297932265575257649e-01,8.989051310763810365e-01,8.531693216911788724e-01
-9.500842497253353391e-01,3.562988404206052229e-01,1.654024439023635606e+00
-9.100194938418079138e-01,4.602571331244285080e-01,1.543309483143686656e+00
-6.811607344516021900e-01,1.035193116247327572e+00,6.462777696753390089e-01
-9.448803060696897571e-01,3.718524773137840134e-01,1.640570810062857987e+00
-7.955812845514803611e-01,6.545975702818379593e-01,1.239171963281514133e+00
-4.712237687640433159e-01,1.457619325133788113e+00,1.221618919165096406e-01
-9.486072359820542088e-01,3.512734697152286589e-01,1.658250662297784173e+00
-7.332267349896375297e-01,8.471523581120092850e-01,9.324893232252687847e-01
-5.181457511718317033e-01,1.414387633215297368e+00,1.611676316161782530e-01
-9.422708344788857104e-01,3.828018498198340058e-01,1.631038971159981088e+00
-9.545947521205715436e-01,3.302069409334579819e-01,1.676290174297574875e+00
-7.156813010889682136e-01,9.471547071182231381e-01,7.797742018039202083e-01
-7.466755594550443798e-01,7.598353524703982398e-01,1.068557733991742698e+00
-6.398120132867561871e-01,1.126028136615055075e+00,5.187829565494219697e-01
-9.492809857498828441e-01,3.670982987523206398e-01,1.644542731746881925e+00
-6.105382185488588132e-01,1.166452939902266950e+00,4.661177432392676345e-01
-9.231591574370138220e-01,4.201996049308452941e-01,1.591076454381289640e+00
