white,black
6.000000000000000000e+00,3.000000000000000000e+01
2.210000000000000000e+02,2.630000000000000000e+02
2.014200000000000000e+04,2.066200000000000000e+04
2.049900000000000000e+04,2.111700000000000000e+04
2.104500000000000000e+04,2.221900000000000000e+04
2.140500000000000000e+04,2.185900000000000000e+04
2.198100000000000000e+04,2.296300000000000000e+04
2.235200000000000000e+04,2.259200000000000000e+04
2.272800000000000000e+04,2.392800000000000000e+04
2.332400000000000000e+04,2.420000000000000000e+04
2.370300000000000000e+04,2.469700000000000000e+04
2.390100000000000000e+04,2.449900000000000000e+04
2.770000000000000000e+02,3.990000000000000000e+02
2.428200000000000000e+04,2.500200000000000000e+04
2.487600000000000000e+04,2.530000000000000000e+04
2.527900000000000000e+04,2.670500000000000000e+04
2.589700000000000000e+04,2.608700000000000000e+04
2.628100000000000000e+04,2.754300000000000000e+04
2.691500000000000000e+04,2.784100000000000000e+04
2.732700000000000000e+04,2.836900000000000000e+04
2.776600000000000000e+04,2.887800000000000000e+04
2.795400000000000000e+04,2.869000000000000000e+04
2.838500000000000000e+04,2.921500000000000000e+04
3.260000000000000000e+02,3.500000000000000000e+02
2.902900000000000000e+04,3.050700000000000000e+04
2.946900000000000000e+04,3.006700000000000000e+04
3.011900000000000000e+04,3.138500000000000000e+04
3.055700000000000000e+04,3.094700000000000000e+04
3.122000000000000000e+04,3.228400000000000000e+04
3.168500000000000000e+04,3.283100000000000000e+04
3.950000000000000000e+02,5.050000000000000000e+02
4.460000000000000000e+02,4.540000000000000000e+02
4.770000000000000000e+02,5.470000000000000000e+02
5.320000000000000000e+02,6.240000000000000000e+02
6.240000000000000000e+02,8.200000000000000000e+02
6.860000000000000000e+02,7.580000000000000000e+02
7.860000000000000000e+02,9.780000000000000000e+02
1.600000000000000000e+01,2.000000000000000000e+01
8.580000000000000000e+02,9.060000000000000000e+02
9.390000000000000000e+02,1.177000000000000000e+03
1.056000000000000000e+03,1.248000000000000000e+03
1.144000000000000000e+03,1.356000000000000000e+03
1.188000000000000000e+03,1.312000000000000000e+03
1.271000000000000000e+03,1.433000000000000000e+03
1.412000000000000000e+03,1.504000000000000000e+03
1.511000000000000000e+03,1.853000000000000000e+03
1.659000000000000000e+03,1.705000000000000000e+03
1.765000000000000000e+03,2.079000000000000000e+03
3.300000000000000000e+01,6.700000000000000000e+01
1.872000000000000000e+03,1.972000000000000000e+03
2.043000000000000000e+03,2.313000000000000000e+03
2.158000000000000000e+03,2.466000000000000000e+03
2.333000000000000000e+03,2.567000000000000000e+03
2.333000000000000000e+03,2.567000000000000000e+03
2.520000000000000000e+03,2.956000000000000000e+03
2.647000000000000000e+03,2.829000000000000000e+03
2.849000000000000000e+03,3.235000000000000000e+03
2.982000000000000000e+03,3.102000000000000000e+03
3.126000000000000000e+03,3.598000000000000000e+03
5.300000000000000000e+01,9.100000000000000000e+01
3.345000000000000000e+03,3.711000000000000000e+03
3.488000000000000000e+03,3.908000000000000000e+03
3.717000000000000000e+03,4.027000000000000000e+03
3.717000000000000000e+03,4.027000000000000000e+03
3.952000000000000000e+03,4.148000000000000000e+03
4.117000000000000000e+03,4.719000000000000000e+03
4.363000000000000000e+03,4.473000000000000000e+03
4.521000000000000000e+03,5.083000000000000000e+03
4.788000000000000000e+03,5.212000000000000000e+03
4.962000000000000000e+03,5.442000000000000000e+03
5.300000000000000000e+01,9.100000000000000000e+01
5.150000000000000000e+03,5.666000000000000000e+03
5.415000000000000000e+03,5.821000000000000000e+03
5.415000000000000000e+03,5.821000000000000000e+03
5.698000000000000000e+03,6.402000000000000000e+03
5.894000000000000000e+03,6.206000000000000000e+03
6.188000000000000000e+03,6.808000000000000000e+03
6.389000000000000000e+03,6.607000000000000000e+03
6.697000000000000000e+03,7.227000000000000000e+03
6.916000000000000000e+03,7.484000000000000000e+03
7.122000000000000000e+03,7.762000000000000000e+03
8.800000000000000000e+01,1.680000000000000000e+02
7.433000000000000000e+03,7.943000000000000000e+03
7.657000000000000000e+03,7.719000000000000000e+03
7.772000000000000000e+03,8.104000000000000000e+03
7.995000000000000000e+03,8.389000000000000000e+03
8.345000000000000000e+03,8.555000000000000000e+03
8.573000000000000000e+03,8.851000000000000000e+03
8.933000000000000000e+03,9.563000000000000000e+03
9.179000000000000000e+03,9.865000000000000000e+03
9.417000000000000000e+03,1.018300000000000000e+04
9.782000000000000000e+03,9.818000000000000000e+03
1.070000000000000000e+02,1.490000000000000000e+02
1.003700000000000000e+04,1.069900000000000000e+04
1.017100000000000000e+04,1.056500000000000000e+04
1.042700000000000000e+04,1.088900000000000000e+04
1.081300000000000000e+04,1.168700000000000000e+04
1.107200000000000000e+04,1.142800000000000000e+04
1.147800000000000000e+04,1.223800000000000000e+04
1.174600000000000000e+04,1.259000000000000000e+04
1.216700000000000000e+04,1.216900000000000000e+04
1.245000000000000000e+04,1.315000000000000000e+04
1.273200000000000000e+04,1.286800000000000000e+04
1.520000000000000000e+02,2.480000000000000000e+02
1.317100000000000000e+04,1.372500000000000000e+04
1.317100000000000000e+04,1.372500000000000000e+04
1.360400000000000000e+04,1.395200000000000000e+04
1.391100000000000000e+04,1.431300000000000000e+04
1.435100000000000000e+04,1.523300000000000000e+04
1.465400000000000000e+04,1.493000000000000000e+04
1.512300000000000000e+04,1.585300000000000000e+04
1.542500000000000000e+04,1.555100000000000000e+04
1.573600000000000000e+04,1.666400000000000000e+04
1.622100000000000000e+04,1.690300000000000000e+04
1.850000000000000000e+02,2.150000000000000000e+02
1.622100000000000000e+04,1.690300000000000000e+04
1.671600000000000000e+04,1.714000000000000000e+04
1.704200000000000000e+04,1.755400000000000000e+04
1.754000000000000000e+04,1.780400000000000000e+04
1.788300000000000000e+04,1.898100000000000000e+04
1.839300000000000000e+04,1.847100000000000000e+04
1.872600000000000000e+04,1.969000000000000000e+04
1.907300000000000000e+04,1.934300000000000000e+04
1.960900000000000000e+04,2.039100000000000000e+04
1.997900000000000000e+04,2.082500000000000000e+04
6.000000000000000000e+00,3.000000000000000000e+01
2.180000000000000000e+02,2.660000000000000000e+02
2.014600000000000000e+04,2.065800000000000000e+04
2.050000000000000000e+04,2.111600000000000000e+04
2.104300000000000000e+04,2.139300000000000000e+04
2.140700000000000000e+04,2.185700000000000000e+04
2.198300000000000000e+04,2.296100000000000000e+04
2.235900000000000000e+04,2.343700000000000000e+04
2.273800000000000000e+04,2.305800000000000000e+04
2.331400000000000000e+04,2.421000000000000000e+04
2.369900000000000000e+04,2.470100000000000000e+04
2.389200000000000000e+04,2.450800000000000000e+04
2.790000000000000000e+02,3.970000000000000000e+02
2.427400000000000000e+04,2.501000000000000000e+04
2.487900000000000000e+04,2.529700000000000000e+04
2.528900000000000000e+04,2.578700000000000000e+04
2.589700000000000000e+04,2.700300000000000000e+04
2.629700000000000000e+04,2.660300000000000000e+04
2.691600000000000000e+04,2.784000000000000000e+04
2.732200000000000000e+04,2.837400000000000000e+04
2.775100000000000000e+04,2.889300000000000000e+04
2.795600000000000000e+04,2.868800000000000000e+04
2.838900000000000000e+04,2.921100000000000000e+04
3.270000000000000000e+02,4.570000000000000000e+02
2.903300000000000000e+04,2.953100000000000000e+04
2.947500000000000000e+04,3.006100000000000000e+04
3.013500000000000000e+04,3.136900000000000000e+04
3.056300000000000000e+04,3.094100000000000000e+04
3.121800000000000000e+04,3.228600000000000000e+04
3.167300000000000000e+04,3.284300000000000000e+04
3.940000000000000000e+02,5.060000000000000000e+02
4.440000000000000000e+02,5.800000000000000000e+02
4.770000000000000000e+02,5.470000000000000000e+02
5.310000000000000000e+02,6.250000000000000000e+02
6.200000000000000000e+02,8.240000000000000000e+02
6.850000000000000000e+02,9.150000000000000000e+02
7.890000000000000000e+02,9.750000000000000000e+02
1.600000000000000000e+01,4.800000000000000000e+01
8.610000000000000000e+02,1.075000000000000000e+03
9.370000000000000000e+02,1.179000000000000000e+03
1.053000000000000000e+03,1.251000000000000000e+03
1.139000000000000000e+03,1.361000000000000000e+03
1.189000000000000000e+03,1.311000000000000000e+03
1.274000000000000000e+03,1.430000000000000000e+03
1.414000000000000000e+03,1.722000000000000000e+03
1.508000000000000000e+03,1.628000000000000000e+03
1.663000000000000000e+03,1.937000000000000000e+03
1.768000000000000000e+03,2.076000000000000000e+03
3.200000000000000000e+01,6.800000000000000000e+01
1.876000000000000000e+03,2.220000000000000000e+03
2.035000000000000000e+03,2.321000000000000000e+03
2.155000000000000000e+03,2.469000000000000000e+03
2.336000000000000000e+03,2.564000000000000000e+03
2.336000000000000000e+03,2.564000000000000000e+03
2.523000000000000000e+03,2.661000000000000000e+03
2.648000000000000000e+03,2.828000000000000000e+03
2.850000000000000000e+03,3.234000000000000000e+03
2.987000000000000000e+03,3.413000000000000000e+03
3.132000000000000000e+03,3.268000000000000000e+03
5.100000000000000000e+01,9.300000000000000000e+01
3.340000000000000000e+03,3.716000000000000000e+03
3.488000000000000000e+03,3.908000000000000000e+03
3.715000000000000000e+03,4.029000000000000000e+03
3.715000000000000000e+03,4.029000000000000000e+03
3.954000000000000000e+03,4.510000000000000000e+03
4.114000000000000000e+03,4.350000000000000000e+03
4.367000000000000000e+03,4.849000000000000000e+03
4.532000000000000000e+03,5.072000000000000000e+03
4.784000000000000000e+03,5.216000000000000000e+03
4.955000000000000000e+03,5.449000000000000000e+03
5.100000000000000000e+01,9.300000000000000000e+01
5.146000000000000000e+03,5.670000000000000000e+03
5.417000000000000000e+03,5.819000000000000000e+03
5.417000000000000000e+03,5.819000000000000000e+03
5.702000000000000000e+03,5.962000000000000000e+03
5.898000000000000000e+03,6.202000000000000000e+03
6.195000000000000000e+03,6.801000000000000000e+03
6.397000000000000000e+03,7.059000000000000000e+03
6.698000000000000000e+03,7.226000000000000000e+03
6.911000000000000000e+03,7.489000000000000000e+03
7.117000000000000000e+03,7.767000000000000000e+03
8.900000000000000000e+01,1.670000000000000000e+02
7.438000000000000000e+03,7.938000000000000000e+03
7.663000000000000000e+03,8.213000000000000000e+03
7.769000000000000000e+03,8.107000000000000000e+03
7.999000000000000000e+03,8.385000000000000000e+03
8.342000000000000000e+03,9.082000000000000000e+03
8.569000000000000000e+03,8.855000000000000000e+03
8.931000000000000000e+03,9.565000000000000000e+03
9.175000000000000000e+03,9.869000000000000000e+03
9.408000000000000000e+03,9.636000000000000000e+03
9.786000000000000000e+03,1.037800000000000000e+04
1.070000000000000000e+02,1.490000000000000000e+02
1.004100000000000000e+04,1.069500000000000000e+04
1.016800000000000000e+04,1.056800000000000000e+04
1.041700000000000000e+04,1.089900000000000000e+04
1.080800000000000000e+04,1.109600000000000000e+04
1.107600000000000000e+04,1.142400000000000000e+04
1.148200000000000000e+04,1.223400000000000000e+04
1.174200000000000000e+04,1.259400000000000000e+04
1.217200000000000000e+04,1.279200000000000000e+04
1.244900000000000000e+04,1.315100000000000000e+04
1.273500000000000000e+04,1.350900000000000000e+04
1.520000000000000000e+02,2.480000000000000000e+02
1.316600000000000000e+04,1.373000000000000000e+04
1.316600000000000000e+04,1.373000000000000000e+04
1.359900000000000000e+04,1.395700000000000000e+04
1.389800000000000000e+04,1.432600000000000000e+04
1.434900000000000000e+04,1.523500000000000000e+04
1.465100000000000000e+04,1.562500000000000000e+04
1.512000000000000000e+04,1.585600000000000000e+04
1.543700000000000000e+04,1.624700000000000000e+04
1.574400000000000000e+04,1.665600000000000000e+04
1.621100000000000000e+04,1.691300000000000000e+04
1.830000000000000000e+02,3.010000000000000000e+02
1.621100000000000000e+04,1.691300000000000000e+04
1.670200000000000000e+04,1.715400000000000000e+04
1.704200000000000000e+04,1.755400000000000000e+04
1.753800000000000000e+04,1.856200000000000000e+04
1.787800000000000000e+04,1.822200000000000000e+04
1.840300000000000000e+04,1.923300000000000000e+04
1.873600000000000000e+04,1.968000000000000000e+04
1.908400000000000000e+04,2.012000000000000000e+04
1.959900000000000000e+04,2.040100000000000000e+04
1.996900000000000000e+04,2.083500000000000000e+04
