fd
7.288259151461915497e-01
8.255482101406936835e-01
9.069372283020958880e-01
7.288480884431450812e-01
8.695059783526219999e-01
8.548416803936083053e-01
8.688095878658860238e-01
8.921362505063653581e-01
9.192836663129073660e-01
6.369001830135546660e-01
8.914469526468137284e-01
7.749438512080307762e-01
7.449745854601280692e-01
7.894415801725281900e-01
4.323769745442531121e-01
9.190222692235390234e-01
7.603424656256189129e-01
7.995001486051442896e-01
9.573399239245673487e-01
6.841203814424452467e-01
7.821346579071594141e-01
8.744860470242851180e-01
9.248339856661965674e-01
6.303215532281105649e-01
8.401745483401271697e-01
5.205423625797622744e-01
9.356664783576412736e-01
7.521972347122495295e-01
9.493756868356986178e-01
8.517046761108041375e-01
7.268950154990989621e-01
9.358664955972658683e-01
9.258143867826557072e-01
8.688095878658860238e-01
5.950678711200902971e-01
7.124818027614796545e-01
7.287522856411140504e-01
7.427902924463194445e-01
6.165776205791820841e-01
9.470872345796842451e-01
8.424903681752973217e-01
5.855590544511481976e-01
6.515073470537813272e-01
8.585126348053379042e-01
7.603424656256189129e-01
6.683873755500230329e-01
7.187626895725804932e-01
8.993388542011486742e-01
8.083441567186385734e-01
9.021938819863044579e-01
9.211172418628529313e-01
9.610889400805306959e-01
9.489196567665427740e-01
1.240689710118717815e-01
3.803669573474411925e-01
8.680360672716889159e-01
9.275011816808589327e-01
8.803380760090293577e-01
7.885052007363606563e-01
8.820097457199151947e-01
7.656099245794643071e-01
8.132859727582059106e-01
8.011773898847300845e-01
7.893803615513164118e-01
7.015646894795171118e-01
8.615141751092231237e-01
9.414105980746259039e-01
9.192836663129073660e-01
9.131885780782845741e-01
9.296221042862016226e-01
7.495485048887837731e-01
4.323769745442531121e-01
9.259340042911876623e-01
8.182892888111239493e-01
5.193510239264313988e-01
8.730896242111142458e-01
8.124777360990749209e-01
8.914469526468137284e-01
8.092154301776801617e-01
8.005381952214253305e-01
6.029965048462092581e-01
8.926093767400817836e-01
9.280029606219475369e-01
7.534324570627083384e-01
9.122579765538320062e-01
4.875098144902983988e-01
9.038354942649357016e-01
8.440058314545612062e-01
4.530175186095097284e-01
7.973352863310055882e-01
8.855576207209212569e-01
9.429375972084301782e-01
6.029965048462092581e-01
7.288435878690159297e-01
7.724706069459192914e-01
8.424903681752973217e-01
6.958932548533804940e-01
6.617034611544353462e-01
7.576214568268885285e-01
8.311453601282584591e-01
8.016798983009655322e-01
5.562123815168772412e-01
9.142357873768661713e-01
9.289918292585584991e-01
9.597088942560196845e-01
9.453342086163604163e-01
9.366514179109359794e-01
9.478938807560665092e-01
4.899634934039253653e-01
9.414238945128956537e-01
8.314588510805855925e-01
6.862292038921403714e-01
9.524705950750572692e-01
8.095611065267046547e-01
7.534324570627083384e-01
7.466422457941056523e-01
8.786082771472817354e-01
8.320832862284607279e-01
9.444729747104810835e-01
2.989448513517400374e-01
7.114461192118283206e-01
7.888334603533780909e-01
7.359118051811053274e-01
8.203078958034490942e-01
7.894415801725281900e-01
