white,black
1.087000000000000000e+03,1.379700000000000000e+04
1.087000000000000000e+03,1.379700000000000000e+04
1.087000000000000000e+03,1.379700000000000000e+04
1.087000000000000000e+03,1.331300000000000000e+04
1.100000000000000000e+03,1.100000000000000000e+04
1.100000000000000000e+03,1.100000000000000000e+04
1.100000000000000000e+03,1.056400000000000000e+04
1.100000000000000000e+03,1.056400000000000000e+04
1.270000000000000000e+03,9.966000000000000000e+03
1.270000000000000000e+03,1.039400000000000000e+04
1.270000000000000000e+03,9.966000000000000000e+03
1.270000000000000000e+03,9.546000000000000000e+03
1.173000000000000000e+03,9.231000000000000000e+03
1.173000000000000000e+03,9.643000000000000000e+03
1.173000000000000000e+03,9.231000000000000000e+03
1.173000000000000000e+03,9.231000000000000000e+03
1.071000000000000000e+03,1.285300000000000000e+04
1.071000000000000000e+03,1.285300000000000000e+04
1.071000000000000000e+03,1.238500000000000000e+04
1.071000000000000000e+03,1.238500000000000000e+04
1.002000000000000000e+03,1.154200000000000000e+04
1.002000000000000000e+03,1.199400000000000000e+04
1.002000000000000000e+03,1.154200000000000000e+04
1.002000000000000000e+03,1.154200000000000000e+04
1.339000000000000000e+03,1.608500000000000000e+04
1.339000000000000000e+03,1.661700000000000000e+04
1.339000000000000000e+03,1.608500000000000000e+04
1.339000000000000000e+03,1.556100000000000000e+04
1.277000000000000000e+03,1.360700000000000000e+04
1.277000000000000000e+03,1.409900000000000000e+04
1.277000000000000000e+03,1.360700000000000000e+04
1.277000000000000000e+03,1.312300000000000000e+04
1.162000000000000000e+03,1.323800000000000000e+04
1.162000000000000000e+03,1.323800000000000000e+04
1.162000000000000000e+03,1.276200000000000000e+04
1.162000000000000000e+03,1.276200000000000000e+04
1.103000000000000000e+03,1.099700000000000000e+04
1.103000000000000000e+03,1.099700000000000000e+04
1.103000000000000000e+03,1.056100000000000000e+04
1.103000000000000000e+03,1.056100000000000000e+04
1.089000000000000000e+03,1.686700000000000000e+04
1.089000000000000000e+03,1.740700000000000000e+04
1.089000000000000000e+03,1.686700000000000000e+04
1.089000000000000000e+03,1.633500000000000000e+04
9.910000000000000000e+02,9.413000000000000000e+03
9.910000000000000000e+02,9.413000000000000000e+03
9.910000000000000000e+02,9.009000000000000000e+03
9.910000000000000000e+02,9.009000000000000000e+03
1.060000000000000000e+03,1.286400000000000000e+04
1.060000000000000000e+03,1.286400000000000000e+04
1.060000000000000000e+03,1.286400000000000000e+04
1.060000000000000000e+03,1.239600000000000000e+04
1.023000000000000000e+03,1.107700000000000000e+04
1.023000000000000000e+03,1.107700000000000000e+04
1.023000000000000000e+03,1.064100000000000000e+04
1.023000000000000000e+03,1.064100000000000000e+04
1.223000000000000000e+03,1.366100000000000000e+04
1.223000000000000000e+03,1.415300000000000000e+04
1.223000000000000000e+03,1.366100000000000000e+04
1.223000000000000000e+03,1.317700000000000000e+04
1.180000000000000000e+03,1.322000000000000000e+04
1.180000000000000000e+03,1.370400000000000000e+04
1.180000000000000000e+03,1.322000000000000000e+04
1.180000000000000000e+03,1.274400000000000000e+04
1.293000000000000000e+03,1.775100000000000000e+04
1.302000000000000000e+03,1.829800000000000000e+04
1.302000000000000000e+03,1.774200000000000000e+04
1.293000000000000000e+03,1.775100000000000000e+04
9.840000000000000000e+02,8.232000000000000000e+03
9.840000000000000000e+02,8.232000000000000000e+03
9.840000000000000000e+02,7.852000000000000000e+03
9.840000000000000000e+02,7.852000000000000000e+03
1.283000000000000000e+03,1.459300000000000000e+04
1.283000000000000000e+03,1.510100000000000000e+04
1.283000000000000000e+03,1.459300000000000000e+04
1.283000000000000000e+03,1.409300000000000000e+04
1.185000000000000000e+03,1.273900000000000000e+04
1.185000000000000000e+03,1.273900000000000000e+04
1.185000000000000000e+03,1.227100000000000000e+04
1.185000000000000000e+03,1.227100000000000000e+04
8.450000000000000000e+02,7.255000000000000000e+03
8.450000000000000000e+02,7.255000000000000000e+03
8.450000000000000000e+02,6.899000000000000000e+03
8.450000000000000000e+02,6.899000000000000000e+03
9.720000000000000000e+02,8.632000000000000000e+03
9.720000000000000000e+02,8.632000000000000000e+03
9.720000000000000000e+02,8.244000000000000000e+03
9.720000000000000000e+02,8.244000000000000000e+03
9.830000000000000000e+02,6.761000000000000000e+03
9.830000000000000000e+02,7.117000000000000000e+03
9.830000000000000000e+02,6.761000000000000000e+03
9.830000000000000000e+02,6.413000000000000000e+03
8.390000000000000000e+02,6.557000000000000000e+03
8.390000000000000000e+02,6.557000000000000000e+03
8.390000000000000000e+02,6.217000000000000000e+03
8.390000000000000000e+02,6.217000000000000000e+03
8.950000000000000000e+02,6.501000000000000000e+03
8.950000000000000000e+02,6.849000000000000000e+03
8.950000000000000000e+02,6.501000000000000000e+03
8.950000000000000000e+02,6.161000000000000000e+03
1.099000000000000000e+03,8.505000000000000000e+03
1.099000000000000000e+03,8.505000000000000000e+03
1.099000000000000000e+03,8.117000000000000000e+03
1.099000000000000000e+03,8.117000000000000000e+03
1.056000000000000000e+03,8.160000000000000000e+03
1.056000000000000000e+03,8.160000000000000000e+03
1.056000000000000000e+03,7.780000000000000000e+03
1.056000000000000000e+03,7.780000000000000000e+03
9.320000000000000000e+02,6.124000000000000000e+03
9.320000000000000000e+02,6.124000000000000000e+03
9.320000000000000000e+02,5.792000000000000000e+03
9.320000000000000000e+02,5.792000000000000000e+03
1.093000000000000000e+03,1.014300000000000000e+04
1.093000000000000000e+03,1.014300000000000000e+04
1.106000000000000000e+03,9.710000000000000000e+03
1.106000000000000000e+03,9.710000000000000000e+03
1.009000000000000000e+03,6.387000000000000000e+03
1.009000000000000000e+03,6.735000000000000000e+03
1.009000000000000000e+03,6.387000000000000000e+03
1.009000000000000000e+03,6.047000000000000000e+03
8.660000000000000000e+02,6.878000000000000000e+03
8.660000000000000000e+02,6.878000000000000000e+03
8.660000000000000000e+02,6.530000000000000000e+03
8.660000000000000000e+02,6.530000000000000000e+03
1.183000000000000000e+03,6.917000000000000000e+03
1.183000000000000000e+03,6.917000000000000000e+03
1.183000000000000000e+03,6.561000000000000000e+03
1.183000000000000000e+03,6.561000000000000000e+03
9.420000000000000000e+02,6.114000000000000000e+03
9.420000000000000000e+02,6.114000000000000000e+03
9.420000000000000000e+02,5.782000000000000000e+03
9.420000000000000000e+02,5.782000000000000000e+03
9.540000000000000000e+02,1.028200000000000000e+04
9.540000000000000000e+02,1.028200000000000000e+04
9.540000000000000000e+02,9.862000000000000000e+03
9.540000000000000000e+02,9.862000000000000000e+03
1.118000000000000000e+03,9.698000000000000000e+03
1.118000000000000000e+03,9.698000000000000000e+03
1.118000000000000000e+03,9.286000000000000000e+03
1.118000000000000000e+03,9.286000000000000000e+03
1.007000000000000000e+03,5.077000000000000000e+03
1.007000000000000000e+03,5.077000000000000000e+03
1.007000000000000000e+03,5.077000000000000000e+03
1.007000000000000000e+03,5.393000000000000000e+03
8.710000000000000000e+02,7.593000000000000000e+03
8.710000000000000000e+02,7.965000000000000000e+03
8.710000000000000000e+02,7.593000000000000000e+03
8.710000000000000000e+02,7.229000000000000000e+03
1.215000000000000000e+03,9.601000000000000000e+03
1.215000000000000000e+03,1.002100000000000000e+04
1.215000000000000000e+03,9.601000000000000000e+03
1.215000000000000000e+03,9.189000000000000000e+03
9.450000000000000000e+02,5.779000000000000000e+03
9.360000000000000000e+02,6.460000000000000000e+03
9.360000000000000000e+02,6.120000000000000000e+03
9.450000000000000000e+02,5.455000000000000000e+03
1.064000000000000000e+03,8.152000000000000000e+03
1.064000000000000000e+03,8.152000000000000000e+03
1.064000000000000000e+03,7.772000000000000000e+03
1.064000000000000000e+03,7.772000000000000000e+03
1.577000000000000000e+03,1.637900000000000000e+04
1.577000000000000000e+03,1.637900000000000000e+04
1.577000000000000000e+03,1.691900000000000000e+04
1.577000000000000000e+03,1.637900000000000000e+04
1.347000000000000000e+03,1.305300000000000000e+04
1.347000000000000000e+03,1.305300000000000000e+04
1.347000000000000000e+03,1.353700000000000000e+04
1.347000000000000000e+03,1.305300000000000000e+04
1.298000000000000000e+03,8.306000000000000000e+03
1.298000000000000000e+03,8.702000000000000000e+03
1.298000000000000000e+03,8.306000000000000000e+03
1.298000000000000000e+03,8.306000000000000000e+03
1.478000000000000000e+03,1.389800000000000000e+04
1.478000000000000000e+03,1.439800000000000000e+04
1.478000000000000000e+03,1.439800000000000000e+04
1.478000000000000000e+03,1.439800000000000000e+04
1.455000000000000000e+03,8.949000000000000000e+03
1.455000000000000000e+03,8.949000000000000000e+03
1.455000000000000000e+03,9.361000000000000000e+03
1.455000000000000000e+03,8.949000000000000000e+03
1.561000000000000000e+03,1.189500000000000000e+04
1.561000000000000000e+03,1.236300000000000000e+04
1.561000000000000000e+03,1.283900000000000000e+04
1.561000000000000000e+03,1.236300000000000000e+04
1.347000000000000000e+03,1.075300000000000000e+04
1.347000000000000000e+03,1.119700000000000000e+04
1.347000000000000000e+03,1.119700000000000000e+04
1.347000000000000000e+03,1.119700000000000000e+04
1.418000000000000000e+03,1.068200000000000000e+04
1.418000000000000000e+03,1.112600000000000000e+04
1.418000000000000000e+03,1.112600000000000000e+04
1.418000000000000000e+03,1.112600000000000000e+04
1.474000000000000000e+03,1.019000000000000000e+04
1.474000000000000000e+03,1.019000000000000000e+04
1.474000000000000000e+03,1.062600000000000000e+04
1.474000000000000000e+03,1.019000000000000000e+04
1.451000000000000000e+03,8.549000000000000000e+03
1.451000000000000000e+03,8.953000000000000000e+03
1.451000000000000000e+03,8.549000000000000000e+03
1.451000000000000000e+03,8.153000000000000000e+03
1.108000000000000000e+03,5.948000000000000000e+03
1.108000000000000000e+03,6.288000000000000000e+03
1.108000000000000000e+03,6.288000000000000000e+03
1.108000000000000000e+03,5.948000000000000000e+03
1.702000000000000000e+03,1.269800000000000000e+04
1.702000000000000000e+03,1.318200000000000000e+04
1.702000000000000000e+03,1.318200000000000000e+04
1.702000000000000000e+03,1.318200000000000000e+04
1.311000000000000000e+03,7.905000000000000000e+03
1.311000000000000000e+03,8.293000000000000000e+03
1.311000000000000000e+03,8.293000000000000000e+03
1.311000000000000000e+03,8.293000000000000000e+03
1.537000000000000000e+03,1.100700000000000000e+04
1.537000000000000000e+03,1.145900000000000000e+04
1.537000000000000000e+03,1.191900000000000000e+04
1.537000000000000000e+03,1.145900000000000000e+04
1.404000000000000000e+03,1.026000000000000000e+04
1.404000000000000000e+03,1.069600000000000000e+04
1.404000000000000000e+03,1.026000000000000000e+04
1.404000000000000000e+03,1.026000000000000000e+04
1.564000000000000000e+03,1.283600000000000000e+04
1.564000000000000000e+03,1.332000000000000000e+04
1.564000000000000000e+03,1.381200000000000000e+04
1.564000000000000000e+03,1.332000000000000000e+04
1.357000000000000000e+03,6.743000000000000000e+03
1.357000000000000000e+03,7.107000000000000000e+03
1.357000000000000000e+03,7.479000000000000000e+03
1.357000000000000000e+03,7.107000000000000000e+03
1.655000000000000000e+03,1.134100000000000000e+04
1.655000000000000000e+03,1.180100000000000000e+04
1.655000000000000000e+03,1.226900000000000000e+04
1.655000000000000000e+03,1.180100000000000000e+04
1.384000000000000000e+03,1.254000000000000000e+04
1.384000000000000000e+03,1.301600000000000000e+04
1.384000000000000000e+03,1.350000000000000000e+04
1.384000000000000000e+03,1.301600000000000000e+04
1.718000000000000000e+03,1.415800000000000000e+04
1.731000000000000000e+03,1.414500000000000000e+04
1.731000000000000000e+03,1.414500000000000000e+04
1.718000000000000000e+03,1.365800000000000000e+04
1.391000000000000000e+03,1.448500000000000000e+04
1.391000000000000000e+03,1.448500000000000000e+04
1.391000000000000000e+03,1.398500000000000000e+04
1.392000000000000000e+03,1.448400000000000000e+04
1.265000000000000000e+03,1.127900000000000000e+04
1.265000000000000000e+03,1.127900000000000000e+04
1.265000000000000000e+03,1.083500000000000000e+04
1.265000000000000000e+03,1.083500000000000000e+04
1.473000000000000000e+03,1.390300000000000000e+04
1.483000000000000000e+03,1.490100000000000000e+04
1.488000000000000000e+03,1.438800000000000000e+04
1.478000000000000000e+03,1.389800000000000000e+04
1.448000000000000000e+03,1.545200000000000000e+04
1.448000000000000000e+03,1.493600000000000000e+04
1.448000000000000000e+03,1.442800000000000000e+04
1.448000000000000000e+03,1.493600000000000000e+04
1.362000000000000000e+03,1.303800000000000000e+04
1.362000000000000000e+03,1.303800000000000000e+04
1.362000000000000000e+03,1.256200000000000000e+04
1.362000000000000000e+03,1.256200000000000000e+04
1.513000000000000000e+03,1.436300000000000000e+04
1.513000000000000000e+03,1.386300000000000000e+04
1.513000000000000000e+03,1.337100000000000000e+04
1.513000000000000000e+03,1.386300000000000000e+04
1.292000000000000000e+03,1.216400000000000000e+04
1.292000000000000000e+03,1.170400000000000000e+04
1.292000000000000000e+03,1.125200000000000000e+04
1.292000000000000000e+03,1.170400000000000000e+04
1.492000000000000000e+03,1.646400000000000000e+04
1.492000000000000000e+03,1.646400000000000000e+04
1.492000000000000000e+03,1.593200000000000000e+04
1.492000000000000000e+03,1.593200000000000000e+04
1.237000000000000000e+03,1.130700000000000000e+04
1.237000000000000000e+03,1.086300000000000000e+04
1.237000000000000000e+03,1.042700000000000000e+04
1.237000000000000000e+03,1.086300000000000000e+04
1.210000000000000000e+03,1.089000000000000000e+04
1.210000000000000000e+03,1.133400000000000000e+04
1.210000000000000000e+03,1.089000000000000000e+04
1.210000000000000000e+03,1.089000000000000000e+04
1.276000000000000000e+03,1.126800000000000000e+04
1.276000000000000000e+03,1.126800000000000000e+04
1.276000000000000000e+03,1.082400000000000000e+04
1.276000000000000000e+03,1.126800000000000000e+04
1.187000000000000000e+03,9.217000000000000000e+03
1.187000000000000000e+03,9.629000000000000000e+03
1.187000000000000000e+03,9.217000000000000000e+03
1.187000000000000000e+03,8.813000000000000000e+03
1.418000000000000000e+03,1.445800000000000000e+04
1.418000000000000000e+03,1.445800000000000000e+04
1.418000000000000000e+03,1.395800000000000000e+04
1.418000000000000000e+03,1.395800000000000000e+04
1.254000000000000000e+03,1.174200000000000000e+04
1.254000000000000000e+03,1.174200000000000000e+04
1.254000000000000000e+03,1.129000000000000000e+04
1.254000000000000000e+03,1.129000000000000000e+04
1.213000000000000000e+03,1.133100000000000000e+04
1.213000000000000000e+03,1.088700000000000000e+04
1.213000000000000000e+03,1.088700000000000000e+04
1.213000000000000000e+03,1.088700000000000000e+04
1.219000000000000000e+03,8.781000000000000000e+03
1.219000000000000000e+03,8.385000000000000000e+03
1.219000000000000000e+03,8.385000000000000000e+03
1.219000000000000000e+03,8.385000000000000000e+03
1.372000000000000000e+03,1.450400000000000000e+04
1.372000000000000000e+03,1.400400000000000000e+04
1.372000000000000000e+03,1.400400000000000000e+04
1.372000000000000000e+03,1.400400000000000000e+04
1.551000000000000000e+03,1.804900000000000000e+04
1.551000000000000000e+03,1.804900000000000000e+04
1.551000000000000000e+03,1.749300000000000000e+04
1.551000000000000000e+03,1.804900000000000000e+04
1.173000000000000000e+03,1.049100000000000000e+04
1.173000000000000000e+03,1.049100000000000000e+04
1.173000000000000000e+03,1.049100000000000000e+04
1.173000000000000000e+03,1.049100000000000000e+04
1.373000000000000000e+03,1.208300000000000000e+04
1.386000000000000000e+03,1.207000000000000000e+04
1.386000000000000000e+03,1.161000000000000000e+04
1.373000000000000000e+03,1.208300000000000000e+04
1.365000000000000000e+03,1.451100000000000000e+04
1.365000000000000000e+03,1.451100000000000000e+04
1.365000000000000000e+03,1.401100000000000000e+04
1.365000000000000000e+03,1.451100000000000000e+04
1.363000000000000000e+03,1.502100000000000000e+04
1.363000000000000000e+03,1.502100000000000000e+04
1.363000000000000000e+03,1.451300000000000000e+04
1.363000000000000000e+03,1.451300000000000000e+04
1.115000000000000000e+03,1.054900000000000000e+04
1.115000000000000000e+03,1.054900000000000000e+04
1.115000000000000000e+03,1.054900000000000000e+04
1.115000000000000000e+03,1.012100000000000000e+04
1.437000000000000000e+03,1.929900000000000000e+04
1.444000000000000000e+03,2.046000000000000000e+04
1.444000000000000000e+03,1.987200000000000000e+04
1.437000000000000000e+03,1.872700000000000000e+04
1.403000000000000000e+03,1.764100000000000000e+04
1.403000000000000000e+03,1.819700000000000000e+04
1.403000000000000000e+03,1.764100000000000000e+04
1.403000000000000000e+03,1.709300000000000000e+04
1.159000000000000000e+03,1.050500000000000000e+04
1.159000000000000000e+03,1.094100000000000000e+04
1.159000000000000000e+03,1.050500000000000000e+04
1.159000000000000000e+03,1.050500000000000000e+04
1.193000000000000000e+03,1.273100000000000000e+04
1.193000000000000000e+03,1.273100000000000000e+04
1.193000000000000000e+03,1.226300000000000000e+04
1.193000000000000000e+03,1.226300000000000000e+04
1.180000000000000000e+03,9.636000000000000000e+03
1.180000000000000000e+03,9.636000000000000000e+03
1.180000000000000000e+03,9.636000000000000000e+03
1.180000000000000000e+03,9.636000000000000000e+03
1.257000000000000000e+03,1.219900000000000000e+04
1.257000000000000000e+03,1.173900000000000000e+04
1.257000000000000000e+03,1.128700000000000000e+04
1.257000000000000000e+03,1.173900000000000000e+04
1.371000000000000000e+03,1.255300000000000000e+04
1.371000000000000000e+03,1.302900000000000000e+04
1.371000000000000000e+03,1.255300000000000000e+04
1.371000000000000000e+03,1.255300000000000000e+04
1.322000000000000000e+03,1.506200000000000000e+04
1.322000000000000000e+03,1.455400000000000000e+04
1.322000000000000000e+03,1.405400000000000000e+04
1.322000000000000000e+03,1.455400000000000000e+04
1.442000000000000000e+03,1.651400000000000000e+04
1.442000000000000000e+03,1.705400000000000000e+04
1.442000000000000000e+03,1.651400000000000000e+04
1.442000000000000000e+03,1.651400000000000000e+04
1.192000000000000000e+03,1.180400000000000000e+04
1.192000000000000000e+03,1.226400000000000000e+04
1.192000000000000000e+03,1.180400000000000000e+04
1.192000000000000000e+03,1.180400000000000000e+04
1.193000000000000000e+03,1.090700000000000000e+04
1.193000000000000000e+03,1.135100000000000000e+04
1.193000000000000000e+03,1.090700000000000000e+04
1.193000000000000000e+03,1.047100000000000000e+04
1.483000000000000000e+03,1.647300000000000000e+04
1.496000000000000000e+03,1.700000000000000000e+04
1.496000000000000000e+03,1.646000000000000000e+04
1.483000000000000000e+03,1.594100000000000000e+04
1.287000000000000000e+03,1.263700000000000000e+04
1.287000000000000000e+03,1.263700000000000000e+04
1.287000000000000000e+03,1.263700000000000000e+04
1.287000000000000000e+03,1.216900000000000000e+04
1.348000000000000000e+03,1.555200000000000000e+04
1.348000000000000000e+03,1.555200000000000000e+04
1.348000000000000000e+03,1.503600000000000000e+04
1.348000000000000000e+03,1.503600000000000000e+04
1.136000000000000000e+03,1.186000000000000000e+04
1.136000000000000000e+03,1.232000000000000000e+04
1.136000000000000000e+03,1.186000000000000000e+04
1.136000000000000000e+03,1.140800000000000000e+04
1.228000000000000000e+03,1.365600000000000000e+04
1.228000000000000000e+03,1.365600000000000000e+04
1.228000000000000000e+03,1.317200000000000000e+04
1.228000000000000000e+03,1.317200000000000000e+04
1.503000000000000000e+03,1.645300000000000000e+04
1.503000000000000000e+03,1.699300000000000000e+04
1.503000000000000000e+03,1.645300000000000000e+04
1.503000000000000000e+03,1.645300000000000000e+04
1.035000000000000000e+03,6.021000000000000000e+03
1.035000000000000000e+03,6.021000000000000000e+03
1.035000000000000000e+03,6.361000000000000000e+03
1.035000000000000000e+03,6.361000000000000000e+03
1.263000000000000000e+03,6.133000000000000000e+03
1.263000000000000000e+03,6.133000000000000000e+03
1.263000000000000000e+03,6.481000000000000000e+03
1.263000000000000000e+03,6.481000000000000000e+03
1.289000000000000000e+03,8.711000000000000000e+03
1.289000000000000000e+03,8.711000000000000000e+03
1.289000000000000000e+03,8.315000000000000000e+03
1.289000000000000000e+03,8.315000000000000000e+03
1.439000000000000000e+03,7.397000000000000000e+03
1.439000000000000000e+03,7.397000000000000000e+03
1.439000000000000000e+03,7.025000000000000000e+03
1.439000000000000000e+03,7.025000000000000000e+03
1.617000000000000000e+03,9.619000000000000000e+03
1.617000000000000000e+03,9.619000000000000000e+03
1.619000000000000000e+03,9.197000000000000000e+03
1.624000000000000000e+03,9.612000000000000000e+03
1.273000000000000000e+03,6.123000000000000000e+03
1.273000000000000000e+03,6.123000000000000000e+03
1.273000000000000000e+03,5.783000000000000000e+03
1.273000000000000000e+03,5.783000000000000000e+03
1.594000000000000000e+03,1.007000000000000000e+04
1.594000000000000000e+03,1.050600000000000000e+04
1.594000000000000000e+03,1.050600000000000000e+04
1.594000000000000000e+03,1.007000000000000000e+04
1.390000000000000000e+03,5.666000000000000000e+03
1.390000000000000000e+03,6.006000000000000000e+03
1.390000000000000000e+03,5.666000000000000000e+03
1.390000000000000000e+03,6.006000000000000000e+03
1.624000000000000000e+03,9.612000000000000000e+03
1.624000000000000000e+03,1.004000000000000000e+04
1.624000000000000000e+03,1.047600000000000000e+04
1.624000000000000000e+03,1.004000000000000000e+04
1.528000000000000000e+03,9.288000000000000000e+03
1.528000000000000000e+03,9.288000000000000000e+03
1.531000000000000000e+03,8.873000000000000000e+03
1.531000000000000000e+03,9.285000000000000000e+03
1.205000000000000000e+03,6.191000000000000000e+03
1.205000000000000000e+03,6.539000000000000000e+03
1.205000000000000000e+03,6.191000000000000000e+03
1.205000000000000000e+03,5.851000000000000000e+03
1.666000000000000000e+03,7.938000000000000000e+03
1.666000000000000000e+03,7.938000000000000000e+03
1.666000000000000000e+03,7.938000000000000000e+03
1.666000000000000000e+03,7.550000000000000000e+03
1.234000000000000000e+03,6.162000000000000000e+03
1.234000000000000000e+03,6.162000000000000000e+03
1.234000000000000000e+03,6.162000000000000000e+03
1.234000000000000000e+03,5.822000000000000000e+03
1.124000000000000000e+03,1.011200000000000000e+04
1.124000000000000000e+03,1.011200000000000000e+04
1.124000000000000000e+03,9.692000000000000000e+03
1.124000000000000000e+03,9.692000000000000000e+03
1.660000000000000000e+03,8.340000000000000000e+03
1.660000000000000000e+03,8.744000000000000000e+03
1.660000000000000000e+03,8.744000000000000000e+03
1.660000000000000000e+03,8.340000000000000000e+03
1.299000000000000000e+03,8.305000000000000000e+03
1.299000000000000000e+03,8.305000000000000000e+03
1.299000000000000000e+03,7.917000000000000000e+03
1.299000000000000000e+03,7.917000000000000000e+03
1.286000000000000000e+03,7.178000000000000000e+03
1.286000000000000000e+03,6.814000000000000000e+03
1.286000000000000000e+03,6.458000000000000000e+03
1.286000000000000000e+03,6.814000000000000000e+03
1.197000000000000000e+03,5.859000000000000000e+03
1.197000000000000000e+03,5.527000000000000000e+03
1.197000000000000000e+03,5.859000000000000000e+03
1.197000000000000000e+03,6.199000000000000000e+03
1.399000000000000000e+03,8.205000000000000000e+03
1.399000000000000000e+03,8.601000000000000000e+03
1.399000000000000000e+03,8.205000000000000000e+03
1.399000000000000000e+03,7.817000000000000000e+03
1.285000000000000000e+03,6.111000000000000000e+03
1.285000000000000000e+03,6.111000000000000000e+03
1.285000000000000000e+03,6.111000000000000000e+03
1.285000000000000000e+03,6.459000000000000000e+03
9.270000000000000000e+02,1.161700000000000000e+04
9.270000000000000000e+02,1.161700000000000000e+04
9.270000000000000000e+02,1.117300000000000000e+04
9.270000000000000000e+02,1.117300000000000000e+04
9.050000000000000000e+02,1.209100000000000000e+04
9.050000000000000000e+02,1.163900000000000000e+04
9.050000000000000000e+02,1.163900000000000000e+04
9.050000000000000000e+02,1.163900000000000000e+04
1.012000000000000000e+03,1.486400000000000000e+04
1.012000000000000000e+03,1.436400000000000000e+04
1.012000000000000000e+03,1.387200000000000000e+04
1.012000000000000000e+03,1.436400000000000000e+04
1.117000000000000000e+03,1.280700000000000000e+04
1.117000000000000000e+03,1.280700000000000000e+04
1.117000000000000000e+03,1.233900000000000000e+04
1.117000000000000000e+03,1.233900000000000000e+04
1.116000000000000000e+03,1.792800000000000000e+04
1.116000000000000000e+03,1.738000000000000000e+04
1.116000000000000000e+03,1.684000000000000000e+04
1.116000000000000000e+03,1.738000000000000000e+04
9.620000000000000000e+02,1.249400000000000000e+04
9.620000000000000000e+02,1.203400000000000000e+04
9.620000000000000000e+02,1.158200000000000000e+04
9.620000000000000000e+02,1.203400000000000000e+04
8.940000000000000000e+02,1.165000000000000000e+04
8.940000000000000000e+02,1.165000000000000000e+04
8.940000000000000000e+02,1.120600000000000000e+04
8.940000000000000000e+02,1.120600000000000000e+04
9.750000000000000000e+02,1.342500000000000000e+04
9.750000000000000000e+02,1.342500000000000000e+04
9.750000000000000000e+02,1.294900000000000000e+04
9.750000000000000000e+02,1.294900000000000000e+04
1.007000000000000000e+03,1.694900000000000000e+04
1.007000000000000000e+03,1.694900000000000000e+04
1.007000000000000000e+03,1.641700000000000000e+04
1.007000000000000000e+03,1.641700000000000000e+04
1.199000000000000000e+03,2.070500000000000000e+04
1.199000000000000000e+03,2.070500000000000000e+04
1.199000000000000000e+03,2.011700000000000000e+04
1.199000000000000000e+03,2.011700000000000000e+04
1.040000000000000000e+03,1.062400000000000000e+04
1.040000000000000000e+03,1.062400000000000000e+04
1.040000000000000000e+03,1.019600000000000000e+04
1.040000000000000000e+03,1.019600000000000000e+04
9.330000000000000000e+02,1.444300000000000000e+04
9.330000000000000000e+02,1.395100000000000000e+04
9.330000000000000000e+02,1.346700000000000000e+04
9.330000000000000000e+02,1.395100000000000000e+04
9.570000000000000000e+02,1.344300000000000000e+04
9.570000000000000000e+02,1.296700000000000000e+04
9.570000000000000000e+02,1.249900000000000000e+04
9.570000000000000000e+02,1.296700000000000000e+04
1.158000000000000000e+03,1.844200000000000000e+04
1.158000000000000000e+03,1.844200000000000000e+04
1.158000000000000000e+03,1.788600000000000000e+04
1.158000000000000000e+03,1.788600000000000000e+04
7.660000000000000000e+02,1.089800000000000000e+04
7.660000000000000000e+02,1.047000000000000000e+04
7.660000000000000000e+02,1.005000000000000000e+04
7.660000000000000000e+02,1.047000000000000000e+04
1.035000000000000000e+03,1.384900000000000000e+04
1.035000000000000000e+03,1.336500000000000000e+04
1.035000000000000000e+03,1.288900000000000000e+04
1.035000000000000000e+03,1.336500000000000000e+04
1.002000000000000000e+03,1.538200000000000000e+04
1.002000000000000000e+03,1.538200000000000000e+04
1.002000000000000000e+03,1.487400000000000000e+04
1.002000000000000000e+03,1.487400000000000000e+04
9.410000000000000000e+02,1.160300000000000000e+04
9.410000000000000000e+02,1.115900000000000000e+04
9.410000000000000000e+02,1.072300000000000000e+04
9.410000000000000000e+02,1.115900000000000000e+04
1.163000000000000000e+03,1.788100000000000000e+04
1.163000000000000000e+03,1.788100000000000000e+04
1.163000000000000000e+03,1.733300000000000000e+04
1.163000000000000000e+03,1.733300000000000000e+04
1.075000000000000000e+03,1.688100000000000000e+04
1.085000000000000000e+03,1.633900000000000000e+04
1.085000000000000000e+03,1.581500000000000000e+04
1.075000000000000000e+03,1.634900000000000000e+04
1.438000000000000000e+03,8.966000000000000000e+03
1.438000000000000000e+03,9.378000000000000000e+03
1.438000000000000000e+03,9.798000000000000000e+03
1.438000000000000000e+03,9.378000000000000000e+03
1.175000000000000000e+03,7.661000000000000000e+03
1.175000000000000000e+03,8.041000000000000000e+03
1.175000000000000000e+03,8.041000000000000000e+03
1.175000000000000000e+03,8.041000000000000000e+03
8.480000000000000000e+02,5.552000000000000000e+03
8.480000000000000000e+02,5.876000000000000000e+03
8.480000000000000000e+02,6.208000000000000000e+03
8.480000000000000000e+02,5.876000000000000000e+03
1.221000000000000000e+03,6.175000000000000000e+03
1.221000000000000000e+03,6.175000000000000000e+03
1.221000000000000000e+03,6.175000000000000000e+03
1.221000000000000000e+03,5.835000000000000000e+03
1.521000000000000000e+03,8.883000000000000000e+03
1.521000000000000000e+03,9.295000000000000000e+03
1.521000000000000000e+03,9.295000000000000000e+03
1.521000000000000000e+03,9.295000000000000000e+03
1.041000000000000000e+03,5.359000000000000000e+03
1.041000000000000000e+03,5.359000000000000000e+03
1.041000000000000000e+03,5.043000000000000000e+03
1.041000000000000000e+03,5.043000000000000000e+03
1.167000000000000000e+03,8.049000000000000000e+03
1.167000000000000000e+03,8.437000000000000000e+03
1.167000000000000000e+03,8.049000000000000000e+03
1.167000000000000000e+03,7.669000000000000000e+03
1.211000000000000000e+03,8.005000000000000000e+03
1.211000000000000000e+03,8.005000000000000000e+03
1.211000000000000000e+03,7.625000000000000000e+03
1.211000000000000000e+03,7.625000000000000000e+03
1.142000000000000000e+03,5.582000000000000000e+03
1.142000000000000000e+03,5.914000000000000000e+03
1.142000000000000000e+03,5.914000000000000000e+03
1.142000000000000000e+03,5.914000000000000000e+03
1.188000000000000000e+03,8.416000000000000000e+03
1.188000000000000000e+03,8.812000000000000000e+03
1.188000000000000000e+03,8.416000000000000000e+03
1.188000000000000000e+03,8.416000000000000000e+03
1.316000000000000000e+03,7.148000000000000000e+03
1.316000000000000000e+03,7.520000000000000000e+03
1.316000000000000000e+03,7.900000000000000000e+03
1.316000000000000000e+03,7.520000000000000000e+03
1.510000000000000000e+03,1.059000000000000000e+04
1.510000000000000000e+03,1.103400000000000000e+04
1.510000000000000000e+03,1.148600000000000000e+04
1.510000000000000000e+03,1.103400000000000000e+04
1.323000000000000000e+03,1.213300000000000000e+04
1.323000000000000000e+03,1.260100000000000000e+04
1.323000000000000000e+03,1.213300000000000000e+04
1.323000000000000000e+03,1.213300000000000000e+04
1.209000000000000000e+03,5.191000000000000000e+03
1.209000000000000000e+03,5.191000000000000000e+03
1.209000000000000000e+03,5.191000000000000000e+03
1.209000000000000000e+03,5.515000000000000000e+03
1.375000000000000000e+03,9.441000000000000000e+03
1.375000000000000000e+03,9.441000000000000000e+03
1.375000000000000000e+03,9.861000000000000000e+03
1.375000000000000000e+03,9.861000000000000000e+03
1.033000000000000000e+03,5.367000000000000000e+03
1.033000000000000000e+03,5.691000000000000000e+03
1.033000000000000000e+03,5.367000000000000000e+03
1.033000000000000000e+03,5.051000000000000000e+03
1.194000000000000000e+03,7.642000000000000000e+03
1.194000000000000000e+03,8.022000000000000000e+03
1.194000000000000000e+03,8.022000000000000000e+03
1.194000000000000000e+03,8.022000000000000000e+03
1.423000000000000000e+03,9.813000000000000000e+03
1.423000000000000000e+03,1.024100000000000000e+04
1.423000000000000000e+03,1.024100000000000000e+04
1.423000000000000000e+03,1.024100000000000000e+04
1.184000000000000000e+03,8.816000000000000000e+03
1.184000000000000000e+03,8.816000000000000000e+03
1.184000000000000000e+03,8.816000000000000000e+03
1.184000000000000000e+03,8.420000000000000000e+03
1.250000000000000000e+03,1.041400000000000000e+04
1.250000000000000000e+03,1.085000000000000000e+04
1.250000000000000000e+03,1.085000000000000000e+04
1.250000000000000000e+03,1.085000000000000000e+04
1.172000000000000000e+03,1.049200000000000000e+04
1.172000000000000000e+03,1.006400000000000000e+04
1.211000000000000000e+03,9.605000000000000000e+03
1.241000000000000000e+03,9.163000000000000000e+03
1.312000000000000000e+03,1.123200000000000000e+04
1.312000000000000000e+03,1.123200000000000000e+04
1.312000000000000000e+03,1.123200000000000000e+04
1.312000000000000000e+03,1.078800000000000000e+04
1.572000000000000000e+03,1.142400000000000000e+04
1.572000000000000000e+03,1.142400000000000000e+04
1.572000000000000000e+03,1.142400000000000000e+04
1.572000000000000000e+03,1.097200000000000000e+04
1.394000000000000000e+03,9.422000000000000000e+03
1.394000000000000000e+03,9.010000000000000000e+03
1.394000000000000000e+03,9.010000000000000000e+03
1.394000000000000000e+03,9.010000000000000000e+03
1.446000000000000000e+03,1.247800000000000000e+04
1.446000000000000000e+03,1.247800000000000000e+04
1.446000000000000000e+03,1.247800000000000000e+04
1.446000000000000000e+03,1.201000000000000000e+04
1.337000000000000000e+03,1.120700000000000000e+04
1.337000000000000000e+03,1.165900000000000000e+04
1.337000000000000000e+03,1.165900000000000000e+04
1.337000000000000000e+03,1.120700000000000000e+04
1.343000000000000000e+03,9.893000000000000000e+03
1.343000000000000000e+03,1.032100000000000000e+04
1.343000000000000000e+03,1.032100000000000000e+04
1.343000000000000000e+03,1.032100000000000000e+04
1.318000000000000000e+03,9.086000000000000000e+03
1.318000000000000000e+03,9.498000000000000000e+03
1.318000000000000000e+03,9.086000000000000000e+03
1.318000000000000000e+03,9.086000000000000000e+03
1.389000000000000000e+03,1.071100000000000000e+04
1.389000000000000000e+03,1.115500000000000000e+04
1.389000000000000000e+03,1.160700000000000000e+04
1.389000000000000000e+03,1.115500000000000000e+04
1.577000000000000000e+03,1.379900000000000000e+04
1.575000000000000000e+03,1.380100000000000000e+04
1.575000000000000000e+03,1.380100000000000000e+04
1.577000000000000000e+03,1.330700000000000000e+04
1.525000000000000000e+03,1.239900000000000000e+04
1.525000000000000000e+03,1.287500000000000000e+04
1.525000000000000000e+03,1.239900000000000000e+04
1.525000000000000000e+03,1.193100000000000000e+04
1.315000000000000000e+03,9.921000000000000000e+03
1.315000000000000000e+03,1.034900000000000000e+04
1.315000000000000000e+03,9.921000000000000000e+03
1.315000000000000000e+03,9.501000000000000000e+03
1.319000000000000000e+03,6.781000000000000000e+03
1.319000000000000000e+03,6.781000000000000000e+03
1.319000000000000000e+03,7.145000000000000000e+03
1.319000000000000000e+03,6.781000000000000000e+03
1.438000000000000000e+03,1.201800000000000000e+04
1.438000000000000000e+03,1.201800000000000000e+04
1.438000000000000000e+03,1.248600000000000000e+04
1.438000000000000000e+03,1.201800000000000000e+04
1.532000000000000000e+03,1.192400000000000000e+04
1.532000000000000000e+03,1.239200000000000000e+04
1.532000000000000000e+03,1.239200000000000000e+04
1.532000000000000000e+03,1.192400000000000000e+04
1.467000000000000000e+03,1.019700000000000000e+04
1.467000000000000000e+03,1.063300000000000000e+04
1.467000000000000000e+03,1.107700000000000000e+04
1.467000000000000000e+03,1.063300000000000000e+04
1.474000000000000000e+03,9.762000000000000000e+03
1.474000000000000000e+03,9.762000000000000000e+03
1.474000000000000000e+03,9.762000000000000000e+03
1.474000000000000000e+03,9.342000000000000000e+03
1.598000000000000000e+03,1.478600000000000000e+04
1.598000000000000000e+03,1.530200000000000000e+04
1.598000000000000000e+03,1.530200000000000000e+04
1.598000000000000000e+03,1.530200000000000000e+04
1.433000000000000000e+03,1.249100000000000000e+04
1.433000000000000000e+03,1.296700000000000000e+04
1.433000000000000000e+03,1.249100000000000000e+04
1.433000000000000000e+03,1.202300000000000000e+04
1.738000000000000000e+03,1.413800000000000000e+04
1.744000000000000000e+03,1.464000000000000000e+04
1.744000000000000000e+03,1.413200000000000000e+04
1.738000000000000000e+03,1.363800000000000000e+04
1.724000000000000000e+03,9.940000000000000000e+03
1.724000000000000000e+03,9.512000000000000000e+03
1.724000000000000000e+03,9.940000000000000000e+03
1.724000000000000000e+03,9.940000000000000000e+03
1.366000000000000000e+03,6.030000000000000000e+03
1.366000000000000000e+03,6.030000000000000000e+03
1.366000000000000000e+03,6.378000000000000000e+03
1.366000000000000000e+03,6.378000000000000000e+03
1.480000000000000000e+03,9.336000000000000000e+03
1.480000000000000000e+03,9.756000000000000000e+03
1.480000000000000000e+03,9.336000000000000000e+03
1.480000000000000000e+03,9.336000000000000000e+03
1.699000000000000000e+03,1.084500000000000000e+04
1.699000000000000000e+03,1.040100000000000000e+04
1.699000000000000000e+03,1.040100000000000000e+04
1.699000000000000000e+03,1.084500000000000000e+04
1.677000000000000000e+03,9.559000000000000000e+03
1.677000000000000000e+03,9.559000000000000000e+03
1.677000000000000000e+03,9.559000000000000000e+03
1.677000000000000000e+03,9.559000000000000000e+03
1.452000000000000000e+03,8.952000000000000000e+03
1.452000000000000000e+03,8.952000000000000000e+03
1.452000000000000000e+03,9.364000000000000000e+03
1.452000000000000000e+03,9.364000000000000000e+03
1.336000000000000000e+03,6.408000000000000000e+03
1.336000000000000000e+03,6.764000000000000000e+03
1.336000000000000000e+03,6.764000000000000000e+03
1.336000000000000000e+03,6.408000000000000000e+03
1.459000000000000000e+03,9.357000000000000000e+03
1.459000000000000000e+03,8.945000000000000000e+03
1.459000000000000000e+03,8.945000000000000000e+03
1.459000000000000000e+03,8.945000000000000000e+03
1.418000000000000000e+03,8.582000000000000000e+03
1.418000000000000000e+03,8.186000000000000000e+03
1.418000000000000000e+03,8.186000000000000000e+03
1.418000000000000000e+03,8.186000000000000000e+03
1.453000000000000000e+03,9.363000000000000000e+03
1.453000000000000000e+03,9.363000000000000000e+03
1.453000000000000000e+03,9.783000000000000000e+03
1.453000000000000000e+03,9.783000000000000000e+03
1.361000000000000000e+03,6.739000000000000000e+03
1.361000000000000000e+03,6.739000000000000000e+03
1.361000000000000000e+03,6.739000000000000000e+03
1.361000000000000000e+03,7.103000000000000000e+03
1.602000000000000000e+03,9.214000000000000000e+03
1.602000000000000000e+03,9.634000000000000000e+03
1.602000000000000000e+03,9.214000000000000000e+03
1.602000000000000000e+03,9.214000000000000000e+03
1.337000000000000000e+03,7.127000000000000000e+03
1.337000000000000000e+03,7.127000000000000000e+03
1.337000000000000000e+03,7.499000000000000000e+03
1.337000000000000000e+03,7.499000000000000000e+03
1.371000000000000000e+03,6.729000000000000000e+03
1.371000000000000000e+03,6.729000000000000000e+03
1.371000000000000000e+03,7.093000000000000000e+03
1.371000000000000000e+03,7.093000000000000000e+03
1.598000000000000000e+03,1.050200000000000000e+04
1.598000000000000000e+03,1.050200000000000000e+04
1.598000000000000000e+03,1.094600000000000000e+04
1.598000000000000000e+03,1.094600000000000000e+04
1.318000000000000000e+03,6.782000000000000000e+03
1.318000000000000000e+03,7.146000000000000000e+03
1.318000000000000000e+03,7.146000000000000000e+03
1.318000000000000000e+03,6.782000000000000000e+03
1.368000000000000000e+03,7.848000000000000000e+03
1.368000000000000000e+03,7.468000000000000000e+03
1.368000000000000000e+03,7.096000000000000000e+03
1.368000000000000000e+03,7.468000000000000000e+03
1.384000000000000000e+03,7.832000000000000000e+03
1.384000000000000000e+03,7.452000000000000000e+03
1.384000000000000000e+03,7.452000000000000000e+03
1.384000000000000000e+03,7.452000000000000000e+03
1.531000000000000000e+03,9.705000000000000000e+03
1.531000000000000000e+03,9.285000000000000000e+03
1.531000000000000000e+03,9.285000000000000000e+03
1.531000000000000000e+03,9.285000000000000000e+03
1.715000000000000000e+03,1.220900000000000000e+04
1.715000000000000000e+03,1.220900000000000000e+04
1.715000000000000000e+03,1.268500000000000000e+04
1.715000000000000000e+03,1.268500000000000000e+04
1.292000000000000000e+03,7.924000000000000000e+03
1.292000000000000000e+03,8.312000000000000000e+03
1.292000000000000000e+03,8.708000000000000000e+03
1.292000000000000000e+03,8.312000000000000000e+03
1.098000000000000000e+03,7.366000000000000000e+03
1.098000000000000000e+03,7.366000000000000000e+03
1.098000000000000000e+03,7.002000000000000000e+03
1.098000000000000000e+03,7.002000000000000000e+03
1.242000000000000000e+03,6.858000000000000000e+03
1.242000000000000000e+03,6.858000000000000000e+03
1.242000000000000000e+03,6.502000000000000000e+03
1.242000000000000000e+03,6.502000000000000000e+03
1.297000000000000000e+03,1.036700000000000000e+04
1.297000000000000000e+03,1.080300000000000000e+04
1.297000000000000000e+03,1.080300000000000000e+04
1.297000000000000000e+03,1.080300000000000000e+04
1.353000000000000000e+03,1.031100000000000000e+04
1.353000000000000000e+03,1.031100000000000000e+04
1.353000000000000000e+03,9.883000000000000000e+03
1.353000000000000000e+03,9.883000000000000000e+03
1.259000000000000000e+03,1.128500000000000000e+04
1.259000000000000000e+03,1.128500000000000000e+04
1.259000000000000000e+03,1.084100000000000000e+04
1.259000000000000000e+03,1.084100000000000000e+04
1.376000000000000000e+03,9.440000000000000000e+03
1.376000000000000000e+03,9.440000000000000000e+03
1.376000000000000000e+03,9.028000000000000000e+03
1.376000000000000000e+03,9.028000000000000000e+03
1.560000000000000000e+03,1.054000000000000000e+04
1.560000000000000000e+03,1.054000000000000000e+04
1.560000000000000000e+03,1.010400000000000000e+04
1.560000000000000000e+03,1.010400000000000000e+04
1.259000000000000000e+03,9.145000000000000000e+03
1.259000000000000000e+03,9.145000000000000000e+03
1.259000000000000000e+03,8.741000000000000000e+03
1.259000000000000000e+03,8.741000000000000000e+03
1.382000000000000000e+03,9.022000000000000000e+03
1.382000000000000000e+03,9.022000000000000000e+03
1.382000000000000000e+03,9.022000000000000000e+03
1.382000000000000000e+03,9.022000000000000000e+03
1.029000000000000000e+03,8.575000000000000000e+03
1.029000000000000000e+03,8.575000000000000000e+03
1.029000000000000000e+03,8.187000000000000000e+03
1.029000000000000000e+03,8.187000000000000000e+03
9.740000000000000000e+02,8.242000000000000000e+03
9.740000000000000000e+02,8.630000000000000000e+03
9.740000000000000000e+02,8.630000000000000000e+03
9.740000000000000000e+02,8.630000000000000000e+03
1.414000000000000000e+03,1.068600000000000000e+04
1.414000000000000000e+03,1.068600000000000000e+04
1.432000000000000000e+03,1.066800000000000000e+04
1.432000000000000000e+03,1.066800000000000000e+04
1.571000000000000000e+03,1.052900000000000000e+04
1.571000000000000000e+03,1.052900000000000000e+04
1.571000000000000000e+03,1.009300000000000000e+04
1.571000000000000000e+03,1.009300000000000000e+04
1.395000000000000000e+03,1.070500000000000000e+04
1.406000000000000000e+03,1.069400000000000000e+04
1.406000000000000000e+03,1.025800000000000000e+04
1.395000000000000000e+03,1.026900000000000000e+04
1.131000000000000000e+03,8.869000000000000000e+03
1.131000000000000000e+03,8.869000000000000000e+03
1.131000000000000000e+03,8.473000000000000000e+03
1.131000000000000000e+03,8.473000000000000000e+03
1.209000000000000000e+03,9.607000000000000000e+03
1.209000000000000000e+03,9.607000000000000000e+03
1.209000000000000000e+03,9.195000000000000000e+03
1.209000000000000000e+03,9.195000000000000000e+03
1.281000000000000000e+03,9.955000000000000000e+03
1.281000000000000000e+03,9.955000000000000000e+03
1.281000000000000000e+03,9.535000000000000000e+03
1.281000000000000000e+03,9.535000000000000000e+03
1.148000000000000000e+03,7.316000000000000000e+03
1.148000000000000000e+03,7.316000000000000000e+03
1.148000000000000000e+03,6.952000000000000000e+03
1.148000000000000000e+03,6.952000000000000000e+03
1.258000000000000000e+03,8.742000000000000000e+03
1.258000000000000000e+03,8.346000000000000000e+03
1.258000000000000000e+03,8.346000000000000000e+03
1.258000000000000000e+03,8.346000000000000000e+03
1.467000000000000000e+03,1.543300000000000000e+04
1.467000000000000000e+03,1.543300000000000000e+04
1.467000000000000000e+03,1.491700000000000000e+04
1.467000000000000000e+03,1.491700000000000000e+04
1.266000000000000000e+03,1.411000000000000000e+04
1.266000000000000000e+03,1.361800000000000000e+04
1.266000000000000000e+03,1.313400000000000000e+04
1.266000000000000000e+03,1.361800000000000000e+04
1.282000000000000000e+03,1.264200000000000000e+04
1.282000000000000000e+03,1.217400000000000000e+04
1.282000000000000000e+03,1.217400000000000000e+04
1.282000000000000000e+03,1.217400000000000000e+04
1.362000000000000000e+03,1.502200000000000000e+04
1.362000000000000000e+03,1.451400000000000000e+04
1.362000000000000000e+03,1.401400000000000000e+04
1.362000000000000000e+03,1.451400000000000000e+04
1.406000000000000000e+03,1.447000000000000000e+04
1.406000000000000000e+03,1.397000000000000000e+04
1.406000000000000000e+03,1.347800000000000000e+04
1.406000000000000000e+03,1.397000000000000000e+04
1.281000000000000000e+03,1.081900000000000000e+04
1.281000000000000000e+03,1.081900000000000000e+04
1.281000000000000000e+03,1.038300000000000000e+04
1.281000000000000000e+03,1.038300000000000000e+04
1.323000000000000000e+03,1.213300000000000000e+04
1.315000000000000000e+03,1.214100000000000000e+04
1.315000000000000000e+03,1.168100000000000000e+04
1.315000000000000000e+03,1.214100000000000000e+04
1.272000000000000000e+03,1.039200000000000000e+04
1.272000000000000000e+03,9.964000000000000000e+03
1.272000000000000000e+03,9.964000000000000000e+03
1.272000000000000000e+03,9.964000000000000000e+03
1.492000000000000000e+03,1.646400000000000000e+04
1.506000000000000000e+03,1.591800000000000000e+04
1.506000000000000000e+03,1.539400000000000000e+04
1.492000000000000000e+03,1.593200000000000000e+04
1.264000000000000000e+03,1.173200000000000000e+04
1.264000000000000000e+03,1.128000000000000000e+04
1.264000000000000000e+03,1.083600000000000000e+04
1.264000000000000000e+03,1.128000000000000000e+04
1.162000000000000000e+03,9.242000000000000000e+03
1.162000000000000000e+03,9.242000000000000000e+03
1.162000000000000000e+03,8.838000000000000000e+03
1.162000000000000000e+03,9.242000000000000000e+03
1.210000000000000000e+03,1.224600000000000000e+04
1.210000000000000000e+03,1.224600000000000000e+04
1.210000000000000000e+03,1.178600000000000000e+04
1.210000000000000000e+03,1.224600000000000000e+04
1.342000000000000000e+03,1.504200000000000000e+04
1.342000000000000000e+03,1.504200000000000000e+04
1.342000000000000000e+03,1.453400000000000000e+04
1.342000000000000000e+03,1.453400000000000000e+04
1.624000000000000000e+03,1.969200000000000000e+04
1.624000000000000000e+03,1.969200000000000000e+04
1.624000000000000000e+03,1.911200000000000000e+04
1.624000000000000000e+03,1.969200000000000000e+04
1.565000000000000000e+03,1.381100000000000000e+04
1.576000000000000000e+03,1.330800000000000000e+04
1.576000000000000000e+03,1.282400000000000000e+04
1.565000000000000000e+03,1.331900000000000000e+04
1.426000000000000000e+03,1.495800000000000000e+04
1.426000000000000000e+03,1.445000000000000000e+04
1.426000000000000000e+03,1.395000000000000000e+04
1.426000000000000000e+03,1.445000000000000000e+04
1.614000000000000000e+03,1.634200000000000000e+04
1.614000000000000000e+03,1.634200000000000000e+04
1.614000000000000000e+03,1.581000000000000000e+04
1.614000000000000000e+03,1.581000000000000000e+04
1.225000000000000000e+03,1.087500000000000000e+04
1.225000000000000000e+03,1.043900000000000000e+04
1.225000000000000000e+03,1.001100000000000000e+04
1.225000000000000000e+03,1.043900000000000000e+04
1.243000000000000000e+03,1.130100000000000000e+04
1.243000000000000000e+03,1.130100000000000000e+04
1.243000000000000000e+03,1.085700000000000000e+04
1.243000000000000000e+03,1.130100000000000000e+04
1.385000000000000000e+03,1.301500000000000000e+04
1.385000000000000000e+03,1.349900000000000000e+04
1.385000000000000000e+03,1.399100000000000000e+04
1.385000000000000000e+03,1.349900000000000000e+04
1.201000000000000000e+03,6.543000000000000000e+03
1.201000000000000000e+03,6.195000000000000000e+03
1.201000000000000000e+03,6.195000000000000000e+03
1.201000000000000000e+03,6.543000000000000000e+03
1.502000000000000000e+03,8.498000000000000000e+03
1.502000000000000000e+03,8.498000000000000000e+03
1.502000000000000000e+03,8.498000000000000000e+03
1.502000000000000000e+03,8.498000000000000000e+03
1.358000000000000000e+03,8.642000000000000000e+03
1.355000000000000000e+03,8.645000000000000000e+03
1.355000000000000000e+03,8.645000000000000000e+03
1.355000000000000000e+03,9.049000000000000000e+03
1.285000000000000000e+03,6.815000000000000000e+03
1.285000000000000000e+03,7.179000000000000000e+03
1.285000000000000000e+03,7.551000000000000000e+03
1.285000000000000000e+03,7.179000000000000000e+03
1.357000000000000000e+03,7.479000000000000000e+03
1.357000000000000000e+03,7.479000000000000000e+03
1.357000000000000000e+03,7.479000000000000000e+03
1.357000000000000000e+03,7.479000000000000000e+03
1.414000000000000000e+03,8.586000000000000000e+03
1.414000000000000000e+03,8.190000000000000000e+03
1.414000000000000000e+03,8.190000000000000000e+03
1.414000000000000000e+03,8.586000000000000000e+03
1.386000000000000000e+03,6.358000000000000000e+03
1.386000000000000000e+03,6.358000000000000000e+03
1.386000000000000000e+03,6.714000000000000000e+03
1.386000000000000000e+03,6.714000000000000000e+03
1.510000000000000000e+03,7.326000000000000000e+03
1.510000000000000000e+03,7.326000000000000000e+03
1.510000000000000000e+03,7.706000000000000000e+03
1.510000000000000000e+03,7.326000000000000000e+03
1.630000000000000000e+03,1.047000000000000000e+04
1.657000000000000000e+03,1.044300000000000000e+04
1.675000000000000000e+03,1.086900000000000000e+04
1.648000000000000000e+03,1.089600000000000000e+04
1.302000000000000000e+03,7.162000000000000000e+03
1.302000000000000000e+03,7.162000000000000000e+03
1.302000000000000000e+03,7.162000000000000000e+03
1.302000000000000000e+03,6.798000000000000000e+03
1.761000000000000000e+03,1.169500000000000000e+04
1.761000000000000000e+03,1.216300000000000000e+04
1.761000000000000000e+03,1.216300000000000000e+04
1.761000000000000000e+03,1.216300000000000000e+04
1.456000000000000000e+03,7.380000000000000000e+03
1.456000000000000000e+03,7.008000000000000000e+03
1.456000000000000000e+03,7.380000000000000000e+03
1.456000000000000000e+03,7.380000000000000000e+03
1.399000000000000000e+03,6.701000000000000000e+03
1.399000000000000000e+03,6.345000000000000000e+03
1.399000000000000000e+03,6.701000000000000000e+03
1.399000000000000000e+03,7.065000000000000000e+03
1.541000000000000000e+03,9.275000000000000000e+03
1.541000000000000000e+03,8.863000000000000000e+03
1.541000000000000000e+03,9.275000000000000000e+03
1.541000000000000000e+03,8.863000000000000000e+03
1.684000000000000000e+03,1.041600000000000000e+04
1.684000000000000000e+03,1.041600000000000000e+04
1.684000000000000000e+03,9.980000000000000000e+03
1.684000000000000000e+03,9.980000000000000000e+03
1.493000000000000000e+03,8.507000000000000000e+03
1.493000000000000000e+03,8.507000000000000000e+03
1.493000000000000000e+03,8.507000000000000000e+03
1.493000000000000000e+03,8.111000000000000000e+03
1.506000000000000000e+03,9.730000000000000000e+03
1.506000000000000000e+03,9.730000000000000000e+03
1.506000000000000000e+03,9.730000000000000000e+03
1.506000000000000000e+03,1.015800000000000000e+04
1.580000000000000000e+03,8.420000000000000000e+03
1.580000000000000000e+03,8.824000000000000000e+03
1.580000000000000000e+03,9.236000000000000000e+03
1.580000000000000000e+03,8.824000000000000000e+03
1.289000000000000000e+03,6.107000000000000000e+03
1.289000000000000000e+03,5.767000000000000000e+03
1.289000000000000000e+03,5.767000000000000000e+03
1.289000000000000000e+03,6.107000000000000000e+03
1.300000000000000000e+03,5.424000000000000000e+03
1.300000000000000000e+03,5.424000000000000000e+03
1.300000000000000000e+03,5.424000000000000000e+03
1.300000000000000000e+03,5.756000000000000000e+03
1.068000000000000000e+03,1.531600000000000000e+04
1.068000000000000000e+03,1.531600000000000000e+04
1.068000000000000000e+03,1.480800000000000000e+04
1.068000000000000000e+03,1.480800000000000000e+04
9.750000000000000000e+02,1.294900000000000000e+04
9.750000000000000000e+02,1.294900000000000000e+04
9.750000000000000000e+02,1.248100000000000000e+04
9.750000000000000000e+02,1.248100000000000000e+04
9.990000000000000000e+02,1.199700000000000000e+04
9.990000000000000000e+02,1.199700000000000000e+04
9.990000000000000000e+02,1.154500000000000000e+04
9.990000000000000000e+02,1.154500000000000000e+04
9.460000000000000000e+02,1.297800000000000000e+04
9.460000000000000000e+02,1.297800000000000000e+04
9.460000000000000000e+02,1.251000000000000000e+04
9.460000000000000000e+02,1.251000000000000000e+04
9.470000000000000000e+02,7.889000000000000000e+03
9.470000000000000000e+02,7.889000000000000000e+03
9.470000000000000000e+02,7.517000000000000000e+03
9.470000000000000000e+02,7.517000000000000000e+03
1.056000000000000000e+03,1.744000000000000000e+04
1.056000000000000000e+03,1.744000000000000000e+04
1.056000000000000000e+03,1.690000000000000000e+04
1.056000000000000000e+03,1.690000000000000000e+04
9.160000000000000000e+02,1.032000000000000000e+04
9.160000000000000000e+02,1.032000000000000000e+04
9.160000000000000000e+02,9.900000000000000000e+03
9.160000000000000000e+02,9.900000000000000000e+03
9.860000000000000000e+02,1.247000000000000000e+04
9.860000000000000000e+02,1.247000000000000000e+04
9.860000000000000000e+02,1.201000000000000000e+04
9.860000000000000000e+02,1.201000000000000000e+04
8.780000000000000000e+02,1.257800000000000000e+04
8.780000000000000000e+02,1.257800000000000000e+04
8.780000000000000000e+02,1.211800000000000000e+04
8.780000000000000000e+02,1.211800000000000000e+04
9.830000000000000000e+02,8.621000000000000000e+03
9.830000000000000000e+02,8.621000000000000000e+03
9.830000000000000000e+02,8.233000000000000000e+03
9.830000000000000000e+02,8.233000000000000000e+03
7.980000000000000000e+02,1.043800000000000000e+04
7.980000000000000000e+02,1.043800000000000000e+04
7.980000000000000000e+02,1.043800000000000000e+04
7.980000000000000000e+02,1.001800000000000000e+04
9.330000000000000000e+02,1.206300000000000000e+04
9.320000000000000000e+02,1.161200000000000000e+04
9.330000000000000000e+02,1.116700000000000000e+04
9.330000000000000000e+02,1.161100000000000000e+04
8.120000000000000000e+02,1.085200000000000000e+04
8.120000000000000000e+02,1.085200000000000000e+04
8.120000000000000000e+02,1.042400000000000000e+04
8.120000000000000000e+02,1.042400000000000000e+04
1.041000000000000000e+03,1.534300000000000000e+04
1.041000000000000000e+03,1.534300000000000000e+04
1.041000000000000000e+03,1.483500000000000000e+04
1.041000000000000000e+03,1.483500000000000000e+04
8.870000000000000000e+02,1.498900000000000000e+04
8.870000000000000000e+02,1.498900000000000000e+04
8.870000000000000000e+02,1.448900000000000000e+04
8.870000000000000000e+02,1.448900000000000000e+04
8.360000000000000000e+02,1.040000000000000000e+04
8.360000000000000000e+02,1.040000000000000000e+04
8.360000000000000000e+02,9.980000000000000000e+03
8.360000000000000000e+02,9.980000000000000000e+03
1.004000000000000000e+03,1.066000000000000000e+04
1.004000000000000000e+03,1.109600000000000000e+04
1.004000000000000000e+03,1.066000000000000000e+04
1.004000000000000000e+03,1.023200000000000000e+04
1.034000000000000000e+03,1.535000000000000000e+04
1.034000000000000000e+03,1.535000000000000000e+04
1.034000000000000000e+03,1.484200000000000000e+04
1.034000000000000000e+03,1.484200000000000000e+04
8.550000000000000000e+02,9.961000000000000000e+03
8.550000000000000000e+02,9.961000000000000000e+03
8.550000000000000000e+02,9.549000000000000000e+03
8.550000000000000000e+02,9.549000000000000000e+03
1.036000000000000000e+03,1.336400000000000000e+04
1.036000000000000000e+03,1.288800000000000000e+04
1.036000000000000000e+03,1.242000000000000000e+04
1.036000000000000000e+03,1.288800000000000000e+04
1.052000000000000000e+03,8.164000000000000000e+03
1.052000000000000000e+03,7.784000000000000000e+03
1.052000000000000000e+03,8.164000000000000000e+03
1.052000000000000000e+03,8.552000000000000000e+03
1.269000000000000000e+03,8.335000000000000000e+03
1.269000000000000000e+03,8.335000000000000000e+03
1.269000000000000000e+03,8.731000000000000000e+03
1.269000000000000000e+03,8.731000000000000000e+03
1.086000000000000000e+03,8.518000000000000000e+03
1.086000000000000000e+03,8.914000000000000000e+03
1.086000000000000000e+03,8.518000000000000000e+03
1.086000000000000000e+03,8.130000000000000000e+03
1.164000000000000000e+03,1.050000000000000000e+04
1.164000000000000000e+03,1.050000000000000000e+04
1.164000000000000000e+03,1.093600000000000000e+04
1.164000000000000000e+03,1.093600000000000000e+04
1.428000000000000000e+03,9.808000000000000000e+03
1.428000000000000000e+03,9.388000000000000000e+03
1.428000000000000000e+03,9.808000000000000000e+03
1.428000000000000000e+03,1.023600000000000000e+04
1.203000000000000000e+03,9.201000000000000000e+03
1.203000000000000000e+03,8.797000000000000000e+03
1.203000000000000000e+03,9.201000000000000000e+03
1.203000000000000000e+03,9.613000000000000000e+03
1.189000000000000000e+03,1.004700000000000000e+04
1.189000000000000000e+03,1.004700000000000000e+04
1.189000000000000000e+03,1.047500000000000000e+04
1.189000000000000000e+03,1.047500000000000000e+04
1.183000000000000000e+03,9.633000000000000000e+03
1.183000000000000000e+03,9.221000000000000000e+03
1.183000000000000000e+03,9.633000000000000000e+03
1.183000000000000000e+03,1.005300000000000000e+04
1.384000000000000000e+03,1.028000000000000000e+04
1.384000000000000000e+03,1.028000000000000000e+04
1.384000000000000000e+03,1.071600000000000000e+04
1.384000000000000000e+03,1.071600000000000000e+04
1.449000000000000000e+03,1.343500000000000000e+04
1.449000000000000000e+03,1.295100000000000000e+04
1.449000000000000000e+03,1.343500000000000000e+04
1.449000000000000000e+03,1.392700000000000000e+04
1.163000000000000000e+03,9.241000000000000000e+03
1.163000000000000000e+03,9.241000000000000000e+03
1.163000000000000000e+03,9.653000000000000000e+03
1.163000000000000000e+03,9.653000000000000000e+03
1.167000000000000000e+03,1.006900000000000000e+04
1.167000000000000000e+03,1.006900000000000000e+04
1.167000000000000000e+03,1.049700000000000000e+04
1.167000000000000000e+03,1.049700000000000000e+04
1.429000000000000000e+03,1.297100000000000000e+04
1.429000000000000000e+03,1.297100000000000000e+04
1.443000000000000000e+03,1.248100000000000000e+04
1.458000000000000000e+03,1.294200000000000000e+04
1.124000000000000000e+03,9.280000000000000000e+03
1.124000000000000000e+03,9.280000000000000000e+03
1.124000000000000000e+03,9.280000000000000000e+03
1.124000000000000000e+03,9.692000000000000000e+03
1.328000000000000000e+03,1.166800000000000000e+04
1.328000000000000000e+03,1.166800000000000000e+04
1.328000000000000000e+03,1.212800000000000000e+04
1.328000000000000000e+03,1.212800000000000000e+04
1.067000000000000000e+03,8.149000000000000000e+03
1.067000000000000000e+03,7.769000000000000000e+03
1.067000000000000000e+03,8.149000000000000000e+03
1.067000000000000000e+03,8.537000000000000000e+03
1.208000000000000000e+03,1.224800000000000000e+04
1.208000000000000000e+03,1.224800000000000000e+04
1.208000000000000000e+03,1.271600000000000000e+04
1.208000000000000000e+03,1.271600000000000000e+04
1.180000000000000000e+03,1.181600000000000000e+04
1.180000000000000000e+03,1.181600000000000000e+04
1.180000000000000000e+03,1.227600000000000000e+04
1.180000000000000000e+03,1.227600000000000000e+04
1.271000000000000000e+03,9.965000000000000000e+03
1.271000000000000000e+03,9.545000000000000000e+03
1.271000000000000000e+03,9.965000000000000000e+03
1.271000000000000000e+03,1.039300000000000000e+04
1.273000000000000000e+03,1.082700000000000000e+04
1.273000000000000000e+03,1.039100000000000000e+04
1.273000000000000000e+03,1.082700000000000000e+04
1.273000000000000000e+03,1.127100000000000000e+04
1.006000000000000000e+03,6.050000000000000000e+03
1.006000000000000000e+03,6.390000000000000000e+03
1.006000000000000000e+03,6.050000000000000000e+03
1.006000000000000000e+03,6.050000000000000000e+03
1.036000000000000000e+03,6.708000000000000000e+03
1.036000000000000000e+03,6.708000000000000000e+03
1.036000000000000000e+03,7.064000000000000000e+03
1.036000000000000000e+03,7.064000000000000000e+03
8.760000000000000000e+02,6.520000000000000000e+03
8.760000000000000000e+02,6.520000000000000000e+03
8.760000000000000000e+02,6.520000000000000000e+03
8.760000000000000000e+02,6.180000000000000000e+03
1.071000000000000000e+03,7.765000000000000000e+03
1.071000000000000000e+03,7.765000000000000000e+03
1.071000000000000000e+03,7.393000000000000000e+03
1.071000000000000000e+03,7.765000000000000000e+03
8.600000000000000000e+02,4.616000000000000000e+03
8.600000000000000000e+02,4.616000000000000000e+03
8.600000000000000000e+02,4.916000000000000000e+03
8.600000000000000000e+02,4.916000000000000000e+03
9.010000000000000000e+02,4.875000000000000000e+03
9.010000000000000000e+02,5.183000000000000000e+03
9.010000000000000000e+02,4.875000000000000000e+03
9.010000000000000000e+02,4.875000000000000000e+03
1.057000000000000000e+03,7.043000000000000000e+03
1.057000000000000000e+03,7.043000000000000000e+03
1.057000000000000000e+03,7.407000000000000000e+03
1.057000000000000000e+03,7.407000000000000000e+03
1.155000000000000000e+03,8.449000000000000000e+03
1.155000000000000000e+03,8.845000000000000000e+03
1.155000000000000000e+03,8.845000000000000000e+03
1.155000000000000000e+03,8.845000000000000000e+03
8.580000000000000000e+02,6.886000000000000000e+03
8.580000000000000000e+02,6.886000000000000000e+03
8.580000000000000000e+02,7.242000000000000000e+03
8.580000000000000000e+02,7.242000000000000000e+03
7.360000000000000000e+02,5.664000000000000000e+03
7.360000000000000000e+02,5.664000000000000000e+03
7.360000000000000000e+02,5.348000000000000000e+03
7.360000000000000000e+02,5.348000000000000000e+03
1.115000000000000000e+03,7.721000000000000000e+03
1.115000000000000000e+03,7.721000000000000000e+03
1.115000000000000000e+03,7.349000000000000000e+03
1.115000000000000000e+03,7.349000000000000000e+03
8.440000000000000000e+02,6.212000000000000000e+03
8.440000000000000000e+02,6.212000000000000000e+03
8.440000000000000000e+02,6.552000000000000000e+03
8.440000000000000000e+02,6.212000000000000000e+03
9.970000000000000000e+02,6.747000000000000000e+03
9.970000000000000000e+02,7.103000000000000000e+03
9.970000000000000000e+02,7.103000000000000000e+03
9.970000000000000000e+02,7.103000000000000000e+03
1.048000000000000000e+03,6.696000000000000000e+03
1.048000000000000000e+03,6.696000000000000000e+03
1.048000000000000000e+03,6.696000000000000000e+03
1.048000000000000000e+03,6.696000000000000000e+03
9.240000000000000000e+02,7.912000000000000000e+03
9.240000000000000000e+02,7.912000000000000000e+03
9.240000000000000000e+02,8.292000000000000000e+03
9.240000000000000000e+02,8.292000000000000000e+03
9.480000000000000000e+02,5.452000000000000000e+03
9.480000000000000000e+02,5.136000000000000000e+03
9.480000000000000000e+02,5.136000000000000000e+03
9.480000000000000000e+02,5.452000000000000000e+03
9.340000000000000000e+02,7.902000000000000000e+03
9.340000000000000000e+02,7.902000000000000000e+03
9.340000000000000000e+02,8.282000000000000000e+03
9.340000000000000000e+02,8.282000000000000000e+03
1.034000000000000000e+03,5.050000000000000000e+03
1.034000000000000000e+03,5.050000000000000000e+03
1.034000000000000000e+03,4.742000000000000000e+03
1.034000000000000000e+03,5.050000000000000000e+03
8.680000000000000000e+02,6.528000000000000000e+03
8.680000000000000000e+02,6.528000000000000000e+03
8.680000000000000000e+02,6.528000000000000000e+03
8.680000000000000000e+02,6.528000000000000000e+03
1.083000000000000000e+03,9.321000000000000000e+03
1.083000000000000000e+03,9.733000000000000000e+03
1.095000000000000000e+03,9.309000000000000000e+03
1.097000000000000000e+03,8.903000000000000000e+03
1.267000000000000000e+03,9.137000000000000000e+03
1.267000000000000000e+03,9.137000000000000000e+03
1.267000000000000000e+03,8.733000000000000000e+03
1.267000000000000000e+03,9.137000000000000000e+03
1.698000000000000000e+03,1.625800000000000000e+04
1.698000000000000000e+03,1.679800000000000000e+04
1.698000000000000000e+03,1.625800000000000000e+04
1.698000000000000000e+03,1.572600000000000000e+04
1.277000000000000000e+03,7.939000000000000000e+03
1.277000000000000000e+03,8.327000000000000000e+03
1.277000000000000000e+03,8.327000000000000000e+03
1.277000000000000000e+03,8.327000000000000000e+03
1.390000000000000000e+03,1.160600000000000000e+04
1.390000000000000000e+03,1.115400000000000000e+04
1.390000000000000000e+03,1.071000000000000000e+04
1.390000000000000000e+03,1.115400000000000000e+04
1.262000000000000000e+03,7.954000000000000000e+03
1.262000000000000000e+03,8.342000000000000000e+03
1.262000000000000000e+03,8.342000000000000000e+03
1.262000000000000000e+03,7.954000000000000000e+03
1.406000000000000000e+03,8.198000000000000000e+03
1.406000000000000000e+03,7.810000000000000000e+03
1.406000000000000000e+03,7.810000000000000000e+03
1.406000000000000000e+03,7.810000000000000000e+03
1.528000000000000000e+03,1.239600000000000000e+04
1.528000000000000000e+03,1.287200000000000000e+04
1.528000000000000000e+03,1.239600000000000000e+04
1.528000000000000000e+03,1.192800000000000000e+04
1.418000000000000000e+03,1.157800000000000000e+04
1.418000000000000000e+03,1.203800000000000000e+04
1.418000000000000000e+03,1.203800000000000000e+04
1.418000000000000000e+03,1.203800000000000000e+04
1.510000000000000000e+03,1.289000000000000000e+04
1.510000000000000000e+03,1.337400000000000000e+04
1.510000000000000000e+03,1.289000000000000000e+04
1.510000000000000000e+03,1.241400000000000000e+04
1.530000000000000000e+03,1.537000000000000000e+04
1.530000000000000000e+03,1.485400000000000000e+04
1.530000000000000000e+03,1.434600000000000000e+04
1.530000000000000000e+03,1.485400000000000000e+04
1.536000000000000000e+03,1.484800000000000000e+04
1.536000000000000000e+03,1.536400000000000000e+04
1.536000000000000000e+03,1.484800000000000000e+04
1.536000000000000000e+03,1.434000000000000000e+04
1.388000000000000000e+03,1.160800000000000000e+04
1.388000000000000000e+03,1.206800000000000000e+04
1.388000000000000000e+03,1.160800000000000000e+04
1.388000000000000000e+03,1.160800000000000000e+04
1.326000000000000000e+03,9.910000000000000000e+03
1.326000000000000000e+03,1.033800000000000000e+04
1.326000000000000000e+03,1.033800000000000000e+04
1.326000000000000000e+03,9.910000000000000000e+03
1.176000000000000000e+03,8.824000000000000000e+03
1.176000000000000000e+03,8.428000000000000000e+03
1.176000000000000000e+03,8.040000000000000000e+03
1.176000000000000000e+03,8.428000000000000000e+03
1.452000000000000000e+03,8.548000000000000000e+03
1.452000000000000000e+03,8.548000000000000000e+03
1.452000000000000000e+03,8.548000000000000000e+03
1.452000000000000000e+03,8.548000000000000000e+03
1.180000000000000000e+03,9.224000000000000000e+03
1.180000000000000000e+03,9.636000000000000000e+03
1.180000000000000000e+03,9.636000000000000000e+03
1.180000000000000000e+03,9.224000000000000000e+03
1.442000000000000000e+03,1.393400000000000000e+04
1.442000000000000000e+03,1.443400000000000000e+04
1.442000000000000000e+03,1.393400000000000000e+04
1.442000000000000000e+03,1.344200000000000000e+04
1.595000000000000000e+03,1.378100000000000000e+04
1.595000000000000000e+03,1.428100000000000000e+04
1.595000000000000000e+03,1.378100000000000000e+04
1.595000000000000000e+03,1.328900000000000000e+04
1.231000000000000000e+03,8.373000000000000000e+03
1.231000000000000000e+03,8.373000000000000000e+03
1.231000000000000000e+03,7.985000000000000000e+03
1.231000000000000000e+03,7.985000000000000000e+03
1.173000000000000000e+03,8.431000000000000000e+03
1.173000000000000000e+03,8.827000000000000000e+03
1.173000000000000000e+03,8.431000000000000000e+03
1.173000000000000000e+03,8.043000000000000000e+03
1.358000000000000000e+03,9.878000000000000000e+03
1.358000000000000000e+03,9.878000000000000000e+03
1.358000000000000000e+03,9.458000000000000000e+03
1.358000000000000000e+03,9.458000000000000000e+03
1.367000000000000000e+03,1.208900000000000000e+04
1.367000000000000000e+03,1.208900000000000000e+04
1.367000000000000000e+03,1.162900000000000000e+04
1.367000000000000000e+03,1.162900000000000000e+04
1.349000000000000000e+03,1.402700000000000000e+04
1.346000000000000000e+03,1.403000000000000000e+04
1.346000000000000000e+03,1.353800000000000000e+04
1.346000000000000000e+03,1.353800000000000000e+04
1.162000000000000000e+03,7.674000000000000000e+03
1.162000000000000000e+03,8.054000000000000000e+03
1.162000000000000000e+03,7.674000000000000000e+03
1.162000000000000000e+03,7.674000000000000000e+03
1.097000000000000000e+03,1.056700000000000000e+04
1.097000000000000000e+03,1.056700000000000000e+04
1.097000000000000000e+03,1.013900000000000000e+04
1.097000000000000000e+03,1.013900000000000000e+04
1.318000000000000000e+03,9.086000000000000000e+03
1.318000000000000000e+03,9.498000000000000000e+03
1.318000000000000000e+03,9.498000000000000000e+03
1.318000000000000000e+03,9.086000000000000000e+03
1.284000000000000000e+03,9.952000000000000000e+03
1.284000000000000000e+03,9.952000000000000000e+03
1.284000000000000000e+03,9.532000000000000000e+03
1.284000000000000000e+03,9.532000000000000000e+03
1.174000000000000000e+03,6.926000000000000000e+03
1.174000000000000000e+03,6.926000000000000000e+03
1.174000000000000000e+03,6.570000000000000000e+03
1.174000000000000000e+03,6.570000000000000000e+03
1.356000000000000000e+03,1.304400000000000000e+04
1.356000000000000000e+03,1.256800000000000000e+04
1.356000000000000000e+03,1.210000000000000000e+04
1.356000000000000000e+03,1.256800000000000000e+04
1.357000000000000000e+03,1.163900000000000000e+04
1.366000000000000000e+03,1.209000000000000000e+04
1.366000000000000000e+03,1.163000000000000000e+04
1.357000000000000000e+03,1.118700000000000000e+04
1.221000000000000000e+03,1.087900000000000000e+04
1.221000000000000000e+03,1.087900000000000000e+04
1.221000000000000000e+03,1.044300000000000000e+04
1.221000000000000000e+03,1.044300000000000000e+04
1.174000000000000000e+03,8.826000000000000000e+03
1.174000000000000000e+03,8.826000000000000000e+03
1.174000000000000000e+03,8.430000000000000000e+03
1.174000000000000000e+03,8.430000000000000000e+03
1.348000000000000000e+03,1.257600000000000000e+04
1.348000000000000000e+03,1.257600000000000000e+04
1.348000000000000000e+03,1.210800000000000000e+04
1.348000000000000000e+03,1.210800000000000000e+04
1.239000000000000000e+03,1.086100000000000000e+04
1.239000000000000000e+03,1.086100000000000000e+04
1.239000000000000000e+03,1.042500000000000000e+04
1.239000000000000000e+03,1.042500000000000000e+04
1.167000000000000000e+03,1.006900000000000000e+04
1.167000000000000000e+03,1.006900000000000000e+04
1.167000000000000000e+03,9.649000000000000000e+03
1.167000000000000000e+03,9.649000000000000000e+03
1.065000000000000000e+03,8.539000000000000000e+03
1.065000000000000000e+03,8.539000000000000000e+03
1.065000000000000000e+03,8.151000000000000000e+03
1.065000000000000000e+03,8.151000000000000000e+03
1.167000000000000000e+03,1.093300000000000000e+04
1.167000000000000000e+03,1.093300000000000000e+04
1.167000000000000000e+03,1.049700000000000000e+04
1.167000000000000000e+03,1.049700000000000000e+04
1.314000000000000000e+03,1.123000000000000000e+04
1.314000000000000000e+03,1.123000000000000000e+04
1.314000000000000000e+03,1.078600000000000000e+04
1.314000000000000000e+03,1.078600000000000000e+04
9.830000000000000000e+02,6.761000000000000000e+03
9.830000000000000000e+02,6.413000000000000000e+03
9.830000000000000000e+02,6.073000000000000000e+03
9.830000000000000000e+02,6.413000000000000000e+03
1.298000000000000000e+03,1.036600000000000000e+04
1.298000000000000000e+03,1.036600000000000000e+04
1.298000000000000000e+03,9.938000000000000000e+03
1.298000000000000000e+03,9.938000000000000000e+03
1.777000000000000000e+03,1.460700000000000000e+04
1.777000000000000000e+03,1.512300000000000000e+04
1.777000000000000000e+03,1.564700000000000000e+04
1.777000000000000000e+03,1.512300000000000000e+04
1.547000000000000000e+03,1.190900000000000000e+04
1.547000000000000000e+03,1.190900000000000000e+04
1.547000000000000000e+03,1.144900000000000000e+04
1.547000000000000000e+03,1.190900000000000000e+04
1.510000000000000000e+03,1.386600000000000000e+04
1.510000000000000000e+03,1.337400000000000000e+04
1.510000000000000000e+03,1.386600000000000000e+04
1.510000000000000000e+03,1.386600000000000000e+04
1.885000000000000000e+03,1.553900000000000000e+04
1.885000000000000000e+03,1.501500000000000000e+04
1.885000000000000000e+03,1.449900000000000000e+04
1.885000000000000000e+03,1.501500000000000000e+04
1.703000000000000000e+03,1.519700000000000000e+04
1.703000000000000000e+03,1.468100000000000000e+04
1.703000000000000000e+03,1.417300000000000000e+04
1.703000000000000000e+03,1.468100000000000000e+04
1.740000000000000000e+03,1.464400000000000000e+04
1.740000000000000000e+03,1.464400000000000000e+04
1.740000000000000000e+03,1.516000000000000000e+04
1.740000000000000000e+03,1.464400000000000000e+04
1.701000000000000000e+03,9.963000000000000000e+03
1.701000000000000000e+03,9.963000000000000000e+03
1.701000000000000000e+03,9.963000000000000000e+03
1.701000000000000000e+03,1.039900000000000000e+04
1.621000000000000000e+03,1.230300000000000000e+04
1.621000000000000000e+03,1.183500000000000000e+04
1.621000000000000000e+03,1.230300000000000000e+04
1.621000000000000000e+03,1.183500000000000000e+04
1.502000000000000000e+03,9.734000000000000000e+03
1.502000000000000000e+03,9.314000000000000000e+03
1.502000000000000000e+03,8.902000000000000000e+03
1.502000000000000000e+03,9.314000000000000000e+03
1.587000000000000000e+03,1.007700000000000000e+04
1.587000000000000000e+03,1.051300000000000000e+04
1.587000000000000000e+03,1.051300000000000000e+04
1.587000000000000000e+03,1.051300000000000000e+04
1.895000000000000000e+03,1.298900000000000000e+04
1.907000000000000000e+03,1.249300000000000000e+04
1.907000000000000000e+03,1.201700000000000000e+04
1.895000000000000000e+03,1.250500000000000000e+04
1.745000000000000000e+03,1.313900000000000000e+04
1.745000000000000000e+03,1.363100000000000000e+04
1.745000000000000000e+03,1.313900000000000000e+04
1.745000000000000000e+03,1.313900000000000000e+04
1.807000000000000000e+03,1.211700000000000000e+04
1.807000000000000000e+03,1.164900000000000000e+04
1.807000000000000000e+03,1.211700000000000000e+04
1.807000000000000000e+03,1.211700000000000000e+04
2.069000000000000000e+03,1.380700000000000000e+04
2.069000000000000000e+03,1.380700000000000000e+04
2.069000000000000000e+03,1.431500000000000000e+04
2.069000000000000000e+03,1.431500000000000000e+04
1.534000000000000000e+03,1.146200000000000000e+04
1.534000000000000000e+03,1.146200000000000000e+04
1.534000000000000000e+03,1.101000000000000000e+04
1.534000000000000000e+03,1.101000000000000000e+04
1.607000000000000000e+03,1.279300000000000000e+04
1.607000000000000000e+03,1.231700000000000000e+04
1.607000000000000000e+03,1.184900000000000000e+04
1.607000000000000000e+03,1.231700000000000000e+04
1.553000000000000000e+03,8.447000000000000000e+03
1.553000000000000000e+03,8.447000000000000000e+03
1.553000000000000000e+03,8.851000000000000000e+03
1.553000000000000000e+03,8.447000000000000000e+03
1.874000000000000000e+03,1.555000000000000000e+04
1.874000000000000000e+03,1.502600000000000000e+04
1.874000000000000000e+03,1.555000000000000000e+04
1.874000000000000000e+03,1.555000000000000000e+04
1.732000000000000000e+03,1.315200000000000000e+04
1.732000000000000000e+03,1.266800000000000000e+04
1.732000000000000000e+03,1.315200000000000000e+04
1.732000000000000000e+03,1.315200000000000000e+04
1.731000000000000000e+03,9.933000000000000000e+03
1.731000000000000000e+03,9.933000000000000000e+03
1.731000000000000000e+03,1.036900000000000000e+04
1.731000000000000000e+03,9.933000000000000000e+03
5.510000000000000000e+02,8.665000000000000000e+03
5.510000000000000000e+02,8.665000000000000000e+03
5.510000000000000000e+02,8.285000000000000000e+03
5.510000000000000000e+02,8.285000000000000000e+03
5.820000000000000000e+02,1.065400000000000000e+04
5.820000000000000000e+02,1.065400000000000000e+04
5.820000000000000000e+02,1.023400000000000000e+04
5.820000000000000000e+02,1.023400000000000000e+04
5.770000000000000000e+02,9.027000000000000000e+03
5.770000000000000000e+02,9.027000000000000000e+03
5.770000000000000000e+02,8.639000000000000000e+03
5.770000000000000000e+02,8.639000000000000000e+03
5.140000000000000000e+02,7.586000000000000000e+03
5.140000000000000000e+02,7.586000000000000000e+03
5.140000000000000000e+02,7.230000000000000000e+03
5.140000000000000000e+02,7.230000000000000000e+03
6.610000000000000000e+02,1.057500000000000000e+04
6.610000000000000000e+02,1.057500000000000000e+04
6.610000000000000000e+02,1.015500000000000000e+04
6.610000000000000000e+02,1.015500000000000000e+04
6.570000000000000000e+02,1.233900000000000000e+04
6.570000000000000000e+02,1.233900000000000000e+04
6.570000000000000000e+02,1.188700000000000000e+04
6.570000000000000000e+02,1.188700000000000000e+04
6.280000000000000000e+02,1.282800000000000000e+04
6.280000000000000000e+02,1.282800000000000000e+04
6.280000000000000000e+02,1.236800000000000000e+04
6.280000000000000000e+02,1.236800000000000000e+04
5.240000000000000000e+02,6.872000000000000000e+03
5.240000000000000000e+02,6.872000000000000000e+03
5.240000000000000000e+02,6.532000000000000000e+03
5.240000000000000000e+02,6.532000000000000000e+03
5.310000000000000000e+02,7.569000000000000000e+03
5.310000000000000000e+02,7.569000000000000000e+03
5.310000000000000000e+02,7.213000000000000000e+03
5.310000000000000000e+02,7.213000000000000000e+03
6.110000000000000000e+02,1.148900000000000000e+04
6.110000000000000000e+02,1.148900000000000000e+04
6.110000000000000000e+02,1.105300000000000000e+04
6.110000000000000000e+02,1.105300000000000000e+04
5.310000000000000000e+02,7.569000000000000000e+03
5.310000000000000000e+02,7.569000000000000000e+03
5.310000000000000000e+02,7.213000000000000000e+03
5.310000000000000000e+02,7.213000000000000000e+03
5.590000000000000000e+02,9.045000000000000000e+03
5.590000000000000000e+02,9.045000000000000000e+03
5.590000000000000000e+02,8.657000000000000000e+03
5.590000000000000000e+02,8.657000000000000000e+03
5.810000000000000000e+02,7.883000000000000000e+03
5.820000000000000000e+02,8.254000000000000000e+03
5.820000000000000000e+02,7.882000000000000000e+03
5.820000000000000000e+02,7.518000000000000000e+03
5.960000000000000000e+02,9.404000000000000000e+03
5.960000000000000000e+02,9.404000000000000000e+03
5.960000000000000000e+02,9.008000000000000000e+03
5.960000000000000000e+02,9.008000000000000000e+03
5.710000000000000000e+02,8.645000000000000000e+03
5.710000000000000000e+02,8.645000000000000000e+03
5.710000000000000000e+02,8.265000000000000000e+03
5.710000000000000000e+02,8.265000000000000000e+03
5.580000000000000000e+02,1.025800000000000000e+04
5.590000000000000000e+02,1.067700000000000000e+04
5.590000000000000000e+02,1.025700000000000000e+04
5.590000000000000000e+02,9.845000000000000000e+03
5.630000000000000000e+02,8.653000000000000000e+03
5.630000000000000000e+02,8.653000000000000000e+03
5.630000000000000000e+02,8.273000000000000000e+03
5.630000000000000000e+02,8.273000000000000000e+03
6.480000000000000000e+02,1.234800000000000000e+04
6.480000000000000000e+02,1.234800000000000000e+04
6.480000000000000000e+02,1.189600000000000000e+04
6.480000000000000000e+02,1.189600000000000000e+04
6.120000000000000000e+02,1.105200000000000000e+04
6.120000000000000000e+02,1.105200000000000000e+04
6.120000000000000000e+02,1.062400000000000000e+04
6.120000000000000000e+02,1.062400000000000000e+04
5.200000000000000000e+02,9.084000000000000000e+03
5.200000000000000000e+02,9.084000000000000000e+03
5.200000000000000000e+02,8.696000000000000000e+03
5.200000000000000000e+02,8.696000000000000000e+03
