white,black
7.380000000000000000e+02,6.318000000000000000e+03
7.380000000000000000e+02,6.658000000000000000e+03
7.380000000000000000e+02,6.658000000000000000e+03
7.380000000000000000e+02,6.658000000000000000e+03
1.206000000000000000e+03,1.729000000000000000e+04
1.208000000000000000e+03,1.783600000000000000e+04
1.208000000000000000e+03,1.783600000000000000e+04
1.206000000000000000e+03,1.729000000000000000e+04
8.260000000000000000e+02,7.638000000000000000e+03
8.260000000000000000e+02,8.010000000000000000e+03
8.260000000000000000e+02,8.010000000000000000e+03
8.260000000000000000e+02,8.010000000000000000e+03
9.660000000000000000e+02,9.438000000000000000e+03
9.660000000000000000e+02,9.850000000000000000e+03
9.660000000000000000e+02,1.027000000000000000e+04
9.660000000000000000e+02,9.850000000000000000e+03
7.490000000000000000e+02,5.651000000000000000e+03
7.490000000000000000e+02,5.975000000000000000e+03
7.490000000000000000e+02,6.307000000000000000e+03
7.490000000000000000e+02,5.975000000000000000e+03
8.260000000000000000e+02,6.570000000000000000e+03
8.260000000000000000e+02,6.918000000000000000e+03
8.260000000000000000e+02,6.918000000000000000e+03
8.260000000000000000e+02,6.918000000000000000e+03
9.930000000000000000e+02,9.411000000000000000e+03
9.930000000000000000e+02,9.823000000000000000e+03
9.930000000000000000e+02,9.823000000000000000e+03
9.930000000000000000e+02,9.411000000000000000e+03
6.750000000000000000e+02,6.381000000000000000e+03
6.750000000000000000e+02,6.049000000000000000e+03
6.750000000000000000e+02,5.725000000000000000e+03
6.750000000000000000e+02,6.049000000000000000e+03
9.510000000000000000e+02,9.049000000000000000e+03
9.510000000000000000e+02,9.453000000000000000e+03
9.510000000000000000e+02,9.453000000000000000e+03
9.510000000000000000e+02,9.049000000000000000e+03
8.270000000000000000e+02,5.897000000000000000e+03
8.270000000000000000e+02,6.229000000000000000e+03
8.270000000000000000e+02,6.569000000000000000e+03
8.270000000000000000e+02,6.229000000000000000e+03
8.790000000000000000e+02,1.122100000000000000e+04
8.790000000000000000e+02,1.166500000000000000e+04
8.790000000000000000e+02,1.166500000000000000e+04
8.790000000000000000e+02,1.166500000000000000e+04
1.018000000000000000e+03,7.082000000000000000e+03
1.018000000000000000e+03,7.082000000000000000e+03
1.018000000000000000e+03,7.446000000000000000e+03
1.018000000000000000e+03,7.082000000000000000e+03
8.410000000000000000e+02,7.995000000000000000e+03
8.410000000000000000e+02,7.995000000000000000e+03
8.410000000000000000e+02,8.375000000000000000e+03
8.410000000000000000e+02,7.995000000000000000e+03
7.030000000000000000e+02,6.693000000000000000e+03
6.980000000000000000e+02,6.026000000000000000e+03
6.980000000000000000e+02,6.026000000000000000e+03
6.980000000000000000e+02,6.358000000000000000e+03
1.165000000000000000e+03,1.093500000000000000e+04
1.165000000000000000e+03,1.137900000000000000e+04
1.165000000000000000e+03,1.137900000000000000e+04
1.165000000000000000e+03,1.137900000000000000e+04
8.190000000000000000e+02,8.017000000000000000e+03
8.190000000000000000e+02,8.017000000000000000e+03
8.190000000000000000e+02,8.397000000000000000e+03
8.190000000000000000e+02,8.017000000000000000e+03
8.440000000000000000e+02,9.972000000000000000e+03
8.440000000000000000e+02,9.560000000000000000e+03
8.440000000000000000e+02,9.156000000000000000e+03
8.440000000000000000e+02,9.560000000000000000e+03
9.100000000000000000e+02,7.554000000000000000e+03
9.100000000000000000e+02,7.926000000000000000e+03
9.100000000000000000e+02,7.926000000000000000e+03
9.100000000000000000e+02,7.554000000000000000e+03
8.190000000000000000e+02,8.397000000000000000e+03
8.190000000000000000e+02,8.397000000000000000e+03
8.190000000000000000e+02,8.785000000000000000e+03
8.190000000000000000e+02,8.397000000000000000e+03
8.510000000000000000e+02,7.613000000000000000e+03
8.510000000000000000e+02,7.985000000000000000e+03
8.510000000000000000e+02,7.985000000000000000e+03
8.510000000000000000e+02,7.613000000000000000e+03
1.229000000000000000e+03,9.587000000000000000e+03
1.229000000000000000e+03,9.587000000000000000e+03
1.229000000000000000e+03,9.175000000000000000e+03
1.229000000000000000e+03,9.175000000000000000e+03
7.740000000000000000e+02,6.282000000000000000e+03
7.740000000000000000e+02,6.282000000000000000e+03
7.740000000000000000e+02,5.950000000000000000e+03
7.740000000000000000e+02,5.950000000000000000e+03
8.370000000000000000e+02,5.887000000000000000e+03
8.370000000000000000e+02,6.219000000000000000e+03
8.370000000000000000e+02,5.887000000000000000e+03
8.370000000000000000e+02,5.887000000000000000e+03
8.630000000000000000e+02,7.973000000000000000e+03
8.630000000000000000e+02,7.973000000000000000e+03
8.630000000000000000e+02,7.601000000000000000e+03
8.630000000000000000e+02,7.601000000000000000e+03
8.190000000000000000e+02,6.577000000000000000e+03
8.190000000000000000e+02,6.925000000000000000e+03
8.190000000000000000e+02,6.577000000000000000e+03
8.190000000000000000e+02,6.237000000000000000e+03
5.000000000000000000e+02,3.344000000000000000e+03
5.000000000000000000e+02,3.596000000000000000e+03
5.000000000000000000e+02,3.344000000000000000e+03
5.000000000000000000e+02,3.100000000000000000e+03
8.840000000000000000e+02,5.200000000000000000e+03
8.840000000000000000e+02,5.200000000000000000e+03
8.840000000000000000e+02,4.892000000000000000e+03
8.840000000000000000e+02,4.892000000000000000e+03
7.420000000000000000e+02,5.982000000000000000e+03
7.420000000000000000e+02,5.982000000000000000e+03
7.420000000000000000e+02,5.658000000000000000e+03
7.420000000000000000e+02,5.658000000000000000e+03
7.150000000000000000e+02,6.009000000000000000e+03
7.150000000000000000e+02,6.341000000000000000e+03
7.150000000000000000e+02,6.009000000000000000e+03
7.150000000000000000e+02,5.685000000000000000e+03
7.140000000000000000e+02,5.686000000000000000e+03
7.140000000000000000e+02,6.010000000000000000e+03
7.140000000000000000e+02,5.686000000000000000e+03
7.140000000000000000e+02,5.370000000000000000e+03
1.069000000000000000e+03,8.931000000000000000e+03
1.069000000000000000e+03,8.931000000000000000e+03
1.069000000000000000e+03,8.535000000000000000e+03
1.069000000000000000e+03,8.535000000000000000e+03
6.110000000000000000e+02,5.473000000000000000e+03
6.110000000000000000e+02,5.789000000000000000e+03
6.110000000000000000e+02,5.473000000000000000e+03
6.110000000000000000e+02,5.165000000000000000e+03
1.279000000000000000e+03,8.721000000000000000e+03
1.279000000000000000e+03,8.721000000000000000e+03
1.279000000000000000e+03,8.325000000000000000e+03
1.279000000000000000e+03,8.325000000000000000e+03
7.530000000000000000e+02,4.723000000000000000e+03
7.530000000000000000e+02,5.023000000000000000e+03
7.530000000000000000e+02,4.723000000000000000e+03
7.530000000000000000e+02,4.723000000000000000e+03
6.920000000000000000e+02,4.784000000000000000e+03
6.920000000000000000e+02,5.084000000000000000e+03
6.920000000000000000e+02,4.784000000000000000e+03
6.920000000000000000e+02,4.492000000000000000e+03
6.490000000000000000e+02,5.435000000000000000e+03
6.490000000000000000e+02,5.435000000000000000e+03
6.490000000000000000e+02,5.127000000000000000e+03
6.490000000000000000e+02,5.127000000000000000e+03
7.380000000000000000e+02,7.362000000000000000e+03
7.380000000000000000e+02,7.362000000000000000e+03
7.380000000000000000e+02,7.362000000000000000e+03
7.380000000000000000e+02,7.006000000000000000e+03
6.640000000000000000e+02,6.732000000000000000e+03
6.640000000000000000e+02,6.732000000000000000e+03
6.640000000000000000e+02,6.732000000000000000e+03
6.640000000000000000e+02,6.392000000000000000e+03
6.880000000000000000e+02,7.056000000000000000e+03
6.880000000000000000e+02,7.056000000000000000e+03
6.880000000000000000e+02,6.708000000000000000e+03
6.880000000000000000e+02,6.708000000000000000e+03
7.850000000000000000e+02,6.611000000000000000e+03
7.850000000000000000e+02,6.959000000000000000e+03
7.850000000000000000e+02,6.611000000000000000e+03
7.850000000000000000e+02,6.271000000000000000e+03
5.750000000000000000e+02,2.789000000000000000e+03
5.750000000000000000e+02,3.025000000000000000e+03
5.750000000000000000e+02,2.789000000000000000e+03
5.750000000000000000e+02,2.561000000000000000e+03
7.880000000000000000e+02,4.988000000000000000e+03
7.880000000000000000e+02,4.988000000000000000e+03
7.880000000000000000e+02,5.296000000000000000e+03
7.880000000000000000e+02,4.988000000000000000e+03
5.390000000000000000e+02,2.597000000000000000e+03
5.390000000000000000e+02,2.825000000000000000e+03
5.390000000000000000e+02,2.825000000000000000e+03
5.390000000000000000e+02,2.597000000000000000e+03
5.880000000000000000e+02,4.596000000000000000e+03
5.880000000000000000e+02,4.888000000000000000e+03
5.880000000000000000e+02,4.888000000000000000e+03
5.880000000000000000e+02,4.596000000000000000e+03
8.210000000000000000e+02,5.263000000000000000e+03
8.210000000000000000e+02,5.263000000000000000e+03
8.210000000000000000e+02,5.263000000000000000e+03
8.210000000000000000e+02,4.955000000000000000e+03
8.200000000000000000e+02,8.016000000000000000e+03
8.200000000000000000e+02,8.396000000000000000e+03
8.200000000000000000e+02,8.396000000000000000e+03
8.200000000000000000e+02,8.016000000000000000e+03
6.230000000000000000e+02,4.853000000000000000e+03
6.230000000000000000e+02,5.153000000000000000e+03
6.230000000000000000e+02,5.153000000000000000e+03
6.230000000000000000e+02,4.853000000000000000e+03
7.410000000000000000e+02,3.883000000000000000e+03
7.410000000000000000e+02,4.159000000000000000e+03
7.410000000000000000e+02,4.159000000000000000e+03
7.410000000000000000e+02,4.159000000000000000e+03
5.720000000000000000e+02,3.524000000000000000e+03
5.720000000000000000e+02,3.784000000000000000e+03
5.720000000000000000e+02,4.052000000000000000e+03
5.720000000000000000e+02,3.784000000000000000e+03
4.740000000000000000e+02,2.026000000000000000e+03
4.740000000000000000e+02,2.230000000000000000e+03
4.740000000000000000e+02,2.230000000000000000e+03
4.740000000000000000e+02,2.026000000000000000e+03
5.040000000000000000e+02,3.096000000000000000e+03
5.040000000000000000e+02,3.340000000000000000e+03
5.040000000000000000e+02,3.340000000000000000e+03
5.040000000000000000e+02,3.096000000000000000e+03
6.800000000000000000e+02,3.676000000000000000e+03
6.800000000000000000e+02,3.944000000000000000e+03
6.800000000000000000e+02,3.676000000000000000e+03
6.800000000000000000e+02,3.676000000000000000e+03
5.660000000000000000e+02,3.278000000000000000e+03
5.660000000000000000e+02,3.530000000000000000e+03
5.660000000000000000e+02,3.530000000000000000e+03
5.660000000000000000e+02,3.278000000000000000e+03
5.320000000000000000e+02,3.068000000000000000e+03
5.320000000000000000e+02,3.312000000000000000e+03
5.320000000000000000e+02,3.312000000000000000e+03
5.320000000000000000e+02,3.068000000000000000e+03
6.650000000000000000e+02,5.419000000000000000e+03
6.650000000000000000e+02,5.735000000000000000e+03
6.650000000000000000e+02,6.059000000000000000e+03
6.650000000000000000e+02,5.735000000000000000e+03
9.580000000000000000e+02,7.142000000000000000e+03
9.430000000000000000e+02,7.157000000000000000e+03
9.430000000000000000e+02,7.157000000000000000e+03
9.530000000000000000e+02,7.147000000000000000e+03
6.790000000000000000e+02,3.165000000000000000e+03
6.790000000000000000e+02,3.417000000000000000e+03
6.790000000000000000e+02,3.417000000000000000e+03
6.790000000000000000e+02,3.165000000000000000e+03
5.880000000000000000e+02,3.256000000000000000e+03
5.880000000000000000e+02,3.508000000000000000e+03
5.880000000000000000e+02,3.256000000000000000e+03
5.880000000000000000e+02,3.012000000000000000e+03
6.450000000000000000e+02,7.099000000000000000e+03
6.450000000000000000e+02,7.455000000000000000e+03
6.450000000000000000e+02,7.455000000000000000e+03
6.450000000000000000e+02,7.099000000000000000e+03
5.840000000000000000e+02,2.552000000000000000e+03
5.840000000000000000e+02,2.780000000000000000e+03
5.840000000000000000e+02,2.780000000000000000e+03
5.840000000000000000e+02,2.552000000000000000e+03
9.530000000000000000e+02,3.947000000000000000e+03
9.530000000000000000e+02,4.231000000000000000e+03
9.530000000000000000e+02,4.231000000000000000e+03
9.530000000000000000e+02,3.947000000000000000e+03
7.130000000000000000e+02,5.371000000000000000e+03
7.130000000000000000e+02,5.063000000000000000e+03
7.130000000000000000e+02,4.763000000000000000e+03
7.130000000000000000e+02,5.063000000000000000e+03
4.870000000000000000e+02,1.449000000000000000e+03
4.870000000000000000e+02,1.449000000000000000e+03
4.870000000000000000e+02,1.449000000000000000e+03
4.870000000000000000e+02,1.277000000000000000e+03
6.330000000000000000e+02,2.503000000000000000e+03
6.330000000000000000e+02,2.283000000000000000e+03
6.330000000000000000e+02,2.283000000000000000e+03
6.330000000000000000e+02,2.503000000000000000e+03
7.140000000000000000e+02,2.650000000000000000e+03
7.140000000000000000e+02,2.422000000000000000e+03
7.140000000000000000e+02,2.650000000000000000e+03
7.140000000000000000e+02,2.886000000000000000e+03
6.780000000000000000e+02,2.686000000000000000e+03
6.780000000000000000e+02,2.458000000000000000e+03
6.780000000000000000e+02,2.238000000000000000e+03
6.780000000000000000e+02,2.458000000000000000e+03
6.350000000000000000e+02,2.729000000000000000e+03
6.350000000000000000e+02,2.501000000000000000e+03
6.350000000000000000e+02,2.281000000000000000e+03
6.350000000000000000e+02,2.501000000000000000e+03
6.120000000000000000e+02,2.988000000000000000e+03
6.120000000000000000e+02,2.988000000000000000e+03
6.120000000000000000e+02,2.752000000000000000e+03
6.120000000000000000e+02,2.988000000000000000e+03
6.350000000000000000e+02,2.281000000000000000e+03
6.350000000000000000e+02,2.501000000000000000e+03
6.350000000000000000e+02,2.501000000000000000e+03
6.350000000000000000e+02,2.281000000000000000e+03
6.330000000000000000e+02,2.071000000000000000e+03
6.330000000000000000e+02,1.867000000000000000e+03
6.330000000000000000e+02,1.867000000000000000e+03
6.330000000000000000e+02,1.867000000000000000e+03
7.420000000000000000e+02,2.858000000000000000e+03
7.420000000000000000e+02,2.858000000000000000e+03
7.420000000000000000e+02,2.622000000000000000e+03
7.420000000000000000e+02,2.622000000000000000e+03
5.360000000000000000e+02,1.580000000000000000e+03
5.360000000000000000e+02,1.400000000000000000e+03
5.360000000000000000e+02,1.400000000000000000e+03
5.360000000000000000e+02,1.580000000000000000e+03
7.280000000000000000e+02,3.628000000000000000e+03
7.280000000000000000e+02,3.368000000000000000e+03
7.280000000000000000e+02,3.116000000000000000e+03
7.280000000000000000e+02,3.368000000000000000e+03
6.920000000000000000e+02,2.908000000000000000e+03
6.920000000000000000e+02,2.908000000000000000e+03
6.920000000000000000e+02,3.152000000000000000e+03
6.920000000000000000e+02,3.152000000000000000e+03
9.310000000000000000e+02,2.433000000000000000e+03
9.310000000000000000e+02,2.205000000000000000e+03
9.310000000000000000e+02,2.205000000000000000e+03
9.310000000000000000e+02,2.205000000000000000e+03
5.640000000000000000e+02,1.936000000000000000e+03
5.640000000000000000e+02,1.936000000000000000e+03
5.640000000000000000e+02,2.140000000000000000e+03
5.640000000000000000e+02,1.936000000000000000e+03
7.920000000000000000e+02,3.304000000000000000e+03
7.920000000000000000e+02,3.052000000000000000e+03
7.920000000000000000e+02,3.052000000000000000e+03
7.920000000000000000e+02,3.304000000000000000e+03
6.040000000000000000e+02,1.700000000000000000e+03
6.040000000000000000e+02,1.700000000000000000e+03
6.040000000000000000e+02,1.700000000000000000e+03
6.040000000000000000e+02,1.700000000000000000e+03
8.250000000000000000e+02,3.271000000000000000e+03
8.250000000000000000e+02,3.531000000000000000e+03
8.250000000000000000e+02,3.531000000000000000e+03
8.250000000000000000e+02,3.531000000000000000e+03
6.220000000000000000e+02,1.878000000000000000e+03
6.220000000000000000e+02,1.682000000000000000e+03
6.220000000000000000e+02,1.878000000000000000e+03
6.220000000000000000e+02,1.878000000000000000e+03
8.590000000000000000e+02,7.241000000000000000e+03
8.590000000000000000e+02,6.885000000000000000e+03
8.590000000000000000e+02,6.885000000000000000e+03
8.590000000000000000e+02,7.241000000000000000e+03
8.820000000000000000e+02,6.514000000000000000e+03
8.820000000000000000e+02,6.862000000000000000e+03
8.820000000000000000e+02,7.218000000000000000e+03
8.820000000000000000e+02,6.862000000000000000e+03
7.610000000000000000e+02,6.983000000000000000e+03
7.610000000000000000e+02,7.339000000000000000e+03
7.610000000000000000e+02,7.339000000000000000e+03
7.610000000000000000e+02,7.339000000000000000e+03
1.014000000000000000e+03,8.986000000000000000e+03
1.014000000000000000e+03,9.390000000000000000e+03
1.014000000000000000e+03,9.390000000000000000e+03
1.014000000000000000e+03,8.986000000000000000e+03
8.050000000000000000e+02,7.295000000000000000e+03
8.050000000000000000e+02,7.659000000000000000e+03
8.050000000000000000e+02,7.659000000000000000e+03
8.050000000000000000e+02,7.295000000000000000e+03
9.090000000000000000e+02,7.555000000000000000e+03
9.090000000000000000e+02,7.927000000000000000e+03
9.090000000000000000e+02,7.927000000000000000e+03
9.090000000000000000e+02,7.555000000000000000e+03
8.270000000000000000e+02,5.257000000000000000e+03
8.270000000000000000e+02,5.257000000000000000e+03
8.270000000000000000e+02,5.573000000000000000e+03
8.270000000000000000e+02,5.257000000000000000e+03
8.530000000000000000e+02,6.543000000000000000e+03
8.530000000000000000e+02,6.891000000000000000e+03
8.530000000000000000e+02,7.247000000000000000e+03
8.530000000000000000e+02,6.891000000000000000e+03
7.840000000000000000e+02,4.692000000000000000e+03
7.840000000000000000e+02,4.692000000000000000e+03
7.840000000000000000e+02,4.992000000000000000e+03
7.840000000000000000e+02,4.692000000000000000e+03
8.050000000000000000e+02,6.939000000000000000e+03
8.050000000000000000e+02,6.591000000000000000e+03
8.050000000000000000e+02,6.939000000000000000e+03
8.050000000000000000e+02,6.591000000000000000e+03
1.142000000000000000e+03,1.052200000000000000e+04
1.142000000000000000e+03,1.052200000000000000e+04
1.142000000000000000e+03,1.095800000000000000e+04
1.142000000000000000e+03,1.052200000000000000e+04
8.900000000000000000e+02,7.210000000000000000e+03
8.900000000000000000e+02,7.574000000000000000e+03
8.900000000000000000e+02,7.946000000000000000e+03
8.900000000000000000e+02,7.574000000000000000e+03
9.880000000000000000e+02,9.012000000000000000e+03
9.880000000000000000e+02,9.416000000000000000e+03
9.880000000000000000e+02,9.416000000000000000e+03
9.880000000000000000e+02,9.012000000000000000e+03
1.049000000000000000e+03,8.951000000000000000e+03
1.049000000000000000e+03,8.555000000000000000e+03
1.049000000000000000e+03,8.167000000000000000e+03
1.049000000000000000e+03,8.555000000000000000e+03
8.470000000000000000e+02,9.153000000000000000e+03
8.470000000000000000e+02,9.557000000000000000e+03
8.470000000000000000e+02,9.557000000000000000e+03
8.470000000000000000e+02,9.153000000000000000e+03
5.560000000000000000e+02,3.044000000000000000e+03
5.560000000000000000e+02,3.288000000000000000e+03
5.560000000000000000e+02,3.288000000000000000e+03
5.560000000000000000e+02,3.044000000000000000e+03
7.300000000000000000e+02,4.454000000000000000e+03
7.300000000000000000e+02,4.746000000000000000e+03
7.300000000000000000e+02,5.046000000000000000e+03
7.300000000000000000e+02,4.746000000000000000e+03
8.060000000000000000e+02,5.594000000000000000e+03
8.060000000000000000e+02,5.918000000000000000e+03
8.060000000000000000e+02,6.250000000000000000e+03
8.060000000000000000e+02,5.918000000000000000e+03
8.420000000000000000e+02,6.554000000000000000e+03
8.420000000000000000e+02,6.902000000000000000e+03
8.420000000000000000e+02,7.258000000000000000e+03
8.420000000000000000e+02,6.902000000000000000e+03
1.021000000000000000e+03,9.795000000000000000e+03
1.021000000000000000e+03,1.021500000000000000e+04
1.021000000000000000e+03,1.021500000000000000e+04
1.021000000000000000e+03,9.795000000000000000e+03
2.940000000000000000e+02,1.002000000000000000e+03
2.940000000000000000e+02,1.150000000000000000e+03
2.940000000000000000e+02,1.150000000000000000e+03
2.940000000000000000e+02,1.150000000000000000e+03
4.000000000000000000e+02,3.200000000000000000e+03
4.000000000000000000e+02,2.964000000000000000e+03
4.000000000000000000e+02,3.200000000000000000e+03
4.000000000000000000e+02,3.200000000000000000e+03
4.890000000000000000e+02,3.111000000000000000e+03
4.890000000000000000e+02,3.355000000000000000e+03
4.890000000000000000e+02,3.607000000000000000e+03
4.890000000000000000e+02,3.355000000000000000e+03
6.550000000000000000e+02,1.461000000000000000e+03
6.550000000000000000e+02,1.649000000000000000e+03
6.550000000000000000e+02,1.845000000000000000e+03
6.550000000000000000e+02,1.649000000000000000e+03
3.790000000000000000e+02,1.737000000000000000e+03
3.790000000000000000e+02,1.925000000000000000e+03
3.790000000000000000e+02,1.925000000000000000e+03
3.790000000000000000e+02,1.737000000000000000e+03
3.480000000000000000e+02,1.096000000000000000e+03
3.480000000000000000e+02,1.252000000000000000e+03
3.480000000000000000e+02,1.416000000000000000e+03
3.480000000000000000e+02,1.252000000000000000e+03
8.340000000000000000e+02,3.522000000000000000e+03
8.340000000000000000e+02,3.522000000000000000e+03
8.340000000000000000e+02,3.522000000000000000e+03
8.340000000000000000e+02,3.522000000000000000e+03
2.870000000000000000e+02,1.649000000000000000e+03
2.870000000000000000e+02,1.649000000000000000e+03
2.870000000000000000e+02,1.829000000000000000e+03
2.870000000000000000e+02,1.829000000000000000e+03
3.060000000000000000e+02,9.900000000000000000e+02
3.060000000000000000e+02,9.900000000000000000e+02
3.060000000000000000e+02,9.900000000000000000e+02
3.060000000000000000e+02,1.138000000000000000e+03
2.890000000000000000e+02,1.647000000000000000e+03
2.890000000000000000e+02,1.647000000000000000e+03
2.890000000000000000e+02,1.827000000000000000e+03
2.890000000000000000e+02,1.827000000000000000e+03
4.380000000000000000e+02,1.866000000000000000e+03
4.380000000000000000e+02,2.062000000000000000e+03
4.380000000000000000e+02,2.062000000000000000e+03
4.380000000000000000e+02,1.866000000000000000e+03
4.780000000000000000e+02,4.706000000000000000e+03
4.780000000000000000e+02,4.422000000000000000e+03
4.780000000000000000e+02,4.422000000000000000e+03
4.780000000000000000e+02,4.706000000000000000e+03
2.800000000000000000e+02,1.484000000000000000e+03
2.800000000000000000e+02,1.656000000000000000e+03
2.800000000000000000e+02,1.656000000000000000e+03
2.800000000000000000e+02,1.484000000000000000e+03
3.680000000000000000e+02,2.132000000000000000e+03
3.680000000000000000e+02,2.336000000000000000e+03
3.680000000000000000e+02,2.336000000000000000e+03
3.680000000000000000e+02,2.336000000000000000e+03
4.360000000000000000e+02,2.480000000000000000e+03
4.360000000000000000e+02,2.700000000000000000e+03
4.360000000000000000e+02,2.928000000000000000e+03
4.360000000000000000e+02,2.700000000000000000e+03
8.880000000000000000e+02,9.516000000000000000e+03
8.880000000000000000e+02,9.928000000000000000e+03
8.880000000000000000e+02,9.928000000000000000e+03
8.880000000000000000e+02,9.516000000000000000e+03
7.220000000000000000e+02,4.754000000000000000e+03
7.220000000000000000e+02,5.054000000000000000e+03
7.220000000000000000e+02,5.054000000000000000e+03
7.220000000000000000e+02,4.754000000000000000e+03
6.200000000000000000e+02,4.004000000000000000e+03
6.200000000000000000e+02,4.280000000000000000e+03
6.200000000000000000e+02,4.280000000000000000e+03
6.200000000000000000e+02,4.004000000000000000e+03
2.670000000000000000e+02,1.669000000000000000e+03
2.670000000000000000e+02,1.849000000000000000e+03
2.670000000000000000e+02,1.849000000000000000e+03
2.670000000000000000e+02,1.669000000000000000e+03
4.640000000000000000e+02,1.300000000000000000e+03
4.640000000000000000e+02,1.472000000000000000e+03
4.640000000000000000e+02,1.472000000000000000e+03
4.640000000000000000e+02,1.300000000000000000e+03
2.890000000000000000e+02,2.627000000000000000e+03
2.890000000000000000e+02,2.627000000000000000e+03
2.890000000000000000e+02,2.415000000000000000e+03
2.890000000000000000e+02,2.415000000000000000e+03
4.880000000000000000e+02,5.288000000000000000e+03
4.880000000000000000e+02,4.988000000000000000e+03
4.880000000000000000e+02,4.696000000000000000e+03
4.880000000000000000e+02,4.988000000000000000e+03
5.840000000000000000e+02,4.892000000000000000e+03
5.840000000000000000e+02,4.892000000000000000e+03
5.840000000000000000e+02,4.600000000000000000e+03
5.840000000000000000e+02,4.600000000000000000e+03
4.050000000000000000e+02,1.359000000000000000e+03
4.050000000000000000e+02,1.359000000000000000e+03
4.050000000000000000e+02,1.531000000000000000e+03
4.050000000000000000e+02,1.531000000000000000e+03
1.238000000000000000e+03,9.166000000000000000e+03
1.238000000000000000e+03,9.166000000000000000e+03
1.238000000000000000e+03,8.762000000000000000e+03
1.238000000000000000e+03,8.762000000000000000e+03
6.400000000000000000e+02,4.544000000000000000e+03
6.400000000000000000e+02,4.544000000000000000e+03
6.400000000000000000e+02,4.260000000000000000e+03
6.400000000000000000e+02,4.260000000000000000e+03
1.018000000000000000e+03,7.446000000000000000e+03
1.019000000000000000e+03,7.817000000000000000e+03
1.019000000000000000e+03,7.445000000000000000e+03
1.019000000000000000e+03,7.081000000000000000e+03
4.350000000000000000e+02,1.501000000000000000e+03
4.350000000000000000e+02,1.501000000000000000e+03
4.350000000000000000e+02,1.329000000000000000e+03
4.350000000000000000e+02,1.329000000000000000e+03
1.211000000000000000e+03,8.005000000000000000e+03
1.211000000000000000e+03,8.393000000000000000e+03
1.211000000000000000e+03,8.005000000000000000e+03
1.211000000000000000e+03,7.625000000000000000e+03
2.830000000000000000e+02,4.073000000000000000e+03
2.830000000000000000e+02,4.073000000000000000e+03
2.830000000000000000e+02,3.813000000000000000e+03
2.830000000000000000e+02,3.813000000000000000e+03
4.720000000000000000e+02,2.232000000000000000e+03
4.720000000000000000e+02,2.444000000000000000e+03
4.720000000000000000e+02,2.232000000000000000e+03
4.720000000000000000e+02,2.028000000000000000e+03
2.030000000000000000e+02,1.561000000000000000e+03
2.030000000000000000e+02,1.561000000000000000e+03
2.030000000000000000e+02,1.397000000000000000e+03
2.030000000000000000e+02,1.397000000000000000e+03
2.980000000000000000e+02,3.798000000000000000e+03
2.980000000000000000e+02,3.798000000000000000e+03
2.980000000000000000e+02,3.546000000000000000e+03
2.980000000000000000e+02,3.546000000000000000e+03
9.550000000000000000e+02,5.129000000000000000e+03
9.550000000000000000e+02,5.129000000000000000e+03
9.550000000000000000e+02,4.821000000000000000e+03
9.550000000000000000e+02,4.821000000000000000e+03
5.060000000000000000e+02,1.994000000000000000e+03
5.060000000000000000e+02,2.198000000000000000e+03
5.060000000000000000e+02,1.994000000000000000e+03
5.060000000000000000e+02,1.798000000000000000e+03
2.540000000000000000e+02,4.370000000000000000e+03
2.540000000000000000e+02,4.370000000000000000e+03
2.540000000000000000e+02,4.102000000000000000e+03
2.540000000000000000e+02,4.102000000000000000e+03
2.760000000000000000e+02,3.088000000000000000e+03
2.760000000000000000e+02,3.088000000000000000e+03
2.760000000000000000e+02,2.860000000000000000e+03
2.760000000000000000e+02,2.860000000000000000e+03
2.720000000000000000e+02,2.432000000000000000e+03
2.720000000000000000e+02,2.432000000000000000e+03
2.720000000000000000e+02,2.432000000000000000e+03
2.720000000000000000e+02,2.432000000000000000e+03
5.400000000000000000e+02,4.084000000000000000e+03
5.400000000000000000e+02,4.084000000000000000e+03
5.400000000000000000e+02,3.816000000000000000e+03
5.400000000000000000e+02,3.816000000000000000e+03
2.640000000000000000e+02,2.236000000000000000e+03
2.640000000000000000e+02,2.236000000000000000e+03
2.640000000000000000e+02,2.040000000000000000e+03
2.640000000000000000e+02,2.040000000000000000e+03
9.770000000000000000e+02,6.079000000000000000e+03
9.770000000000000000e+02,6.079000000000000000e+03
9.770000000000000000e+02,6.419000000000000000e+03
9.770000000000000000e+02,6.419000000000000000e+03
7.360000000000000000e+02,7.008000000000000000e+03
7.360000000000000000e+02,7.008000000000000000e+03
7.360000000000000000e+02,7.364000000000000000e+03
7.360000000000000000e+02,7.364000000000000000e+03
9.290000000000000000e+02,5.471000000000000000e+03
9.290000000000000000e+02,5.471000000000000000e+03
9.290000000000000000e+02,5.795000000000000000e+03
9.290000000000000000e+02,5.795000000000000000e+03
6.950000000000000000e+02,7.769000000000000000e+03
6.950000000000000000e+02,7.769000000000000000e+03
6.950000000000000000e+02,8.141000000000000000e+03
6.950000000000000000e+02,8.141000000000000000e+03
7.390000000000000000e+02,6.317000000000000000e+03
7.390000000000000000e+02,6.317000000000000000e+03
7.390000000000000000e+02,6.657000000000000000e+03
7.390000000000000000e+02,6.657000000000000000e+03
7.540000000000000000e+02,5.330000000000000000e+03
7.540000000000000000e+02,5.022000000000000000e+03
7.540000000000000000e+02,5.330000000000000000e+03
7.540000000000000000e+02,5.646000000000000000e+03
1.324000000000000000e+03,1.077600000000000000e+04
1.324000000000000000e+03,1.077600000000000000e+04
1.324000000000000000e+03,1.122000000000000000e+04
1.324000000000000000e+03,1.077600000000000000e+04
9.340000000000000000e+02,7.530000000000000000e+03
9.340000000000000000e+02,7.166000000000000000e+03
9.340000000000000000e+02,7.530000000000000000e+03
9.340000000000000000e+02,7.902000000000000000e+03
9.140000000000000000e+02,7.922000000000000000e+03
9.140000000000000000e+02,7.922000000000000000e+03
9.140000000000000000e+02,8.302000000000000000e+03
9.140000000000000000e+02,8.302000000000000000e+03
5.610000000000000000e+02,2.803000000000000000e+03
5.610000000000000000e+02,2.575000000000000000e+03
5.610000000000000000e+02,2.803000000000000000e+03
5.610000000000000000e+02,2.803000000000000000e+03
8.810000000000000000e+02,7.219000000000000000e+03
8.810000000000000000e+02,7.219000000000000000e+03
8.810000000000000000e+02,7.583000000000000000e+03
8.810000000000000000e+02,7.583000000000000000e+03
7.280000000000000000e+02,5.048000000000000000e+03
7.280000000000000000e+02,4.748000000000000000e+03
7.280000000000000000e+02,5.048000000000000000e+03
7.280000000000000000e+02,5.356000000000000000e+03
7.500000000000000000e+02,8.854000000000000000e+03
7.500000000000000000e+02,8.854000000000000000e+03
7.500000000000000000e+02,9.250000000000000000e+03
7.500000000000000000e+02,9.250000000000000000e+03
8.270000000000000000e+02,9.173000000000000000e+03
8.270000000000000000e+02,9.173000000000000000e+03
8.270000000000000000e+02,9.577000000000000000e+03
8.270000000000000000e+02,9.577000000000000000e+03
7.280000000000000000e+02,5.356000000000000000e+03
7.280000000000000000e+02,5.356000000000000000e+03
7.280000000000000000e+02,5.672000000000000000e+03
7.280000000000000000e+02,5.672000000000000000e+03
7.720000000000000000e+02,6.284000000000000000e+03
7.720000000000000000e+02,6.284000000000000000e+03
7.720000000000000000e+02,6.624000000000000000e+03
7.720000000000000000e+02,6.624000000000000000e+03
6.210000000000000000e+02,5.779000000000000000e+03
6.210000000000000000e+02,5.463000000000000000e+03
6.210000000000000000e+02,5.779000000000000000e+03
6.210000000000000000e+02,6.103000000000000000e+03
7.250000000000000000e+02,7.375000000000000000e+03
7.250000000000000000e+02,7.375000000000000000e+03
7.250000000000000000e+02,7.739000000000000000e+03
7.250000000000000000e+02,7.739000000000000000e+03
8.090000000000000000e+02,7.655000000000000000e+03
8.090000000000000000e+02,7.655000000000000000e+03
8.090000000000000000e+02,8.027000000000000000e+03
8.090000000000000000e+02,8.027000000000000000e+03
7.930000000000000000e+02,4.391000000000000000e+03
7.930000000000000000e+02,4.391000000000000000e+03
7.930000000000000000e+02,4.683000000000000000e+03
7.930000000000000000e+02,4.683000000000000000e+03
6.760000000000000000e+02,4.224000000000000000e+03
6.760000000000000000e+02,4.508000000000000000e+03
6.760000000000000000e+02,4.800000000000000000e+03
6.760000000000000000e+02,4.508000000000000000e+03
8.330000000000000000e+02,3.791000000000000000e+03
8.330000000000000000e+02,4.067000000000000000e+03
8.330000000000000000e+02,4.067000000000000000e+03
8.330000000000000000e+02,3.791000000000000000e+03
5.160000000000000000e+02,3.084000000000000000e+03
5.160000000000000000e+02,3.328000000000000000e+03
5.160000000000000000e+02,3.328000000000000000e+03
5.160000000000000000e+02,3.084000000000000000e+03
5.950000000000000000e+02,4.881000000000000000e+03
5.950000000000000000e+02,5.181000000000000000e+03
5.950000000000000000e+02,5.181000000000000000e+03
5.950000000000000000e+02,4.881000000000000000e+03
1.152000000000000000e+03,9.664000000000000000e+03
1.162000000000000000e+03,1.007400000000000000e+04
1.162000000000000000e+03,1.007400000000000000e+04
1.152000000000000000e+03,9.664000000000000000e+03
6.760000000000000000e+02,4.800000000000000000e+03
6.760000000000000000e+02,5.100000000000000000e+03
6.760000000000000000e+02,5.100000000000000000e+03
6.760000000000000000e+02,4.800000000000000000e+03
8.660000000000000000e+02,6.530000000000000000e+03
8.660000000000000000e+02,6.878000000000000000e+03
8.660000000000000000e+02,6.878000000000000000e+03
8.660000000000000000e+02,6.530000000000000000e+03
8.240000000000000000e+02,5.900000000000000000e+03
8.240000000000000000e+02,6.232000000000000000e+03
8.240000000000000000e+02,6.232000000000000000e+03
8.240000000000000000e+02,5.900000000000000000e+03
4.980000000000000000e+02,2.418000000000000000e+03
4.980000000000000000e+02,2.638000000000000000e+03
4.980000000000000000e+02,2.866000000000000000e+03
4.980000000000000000e+02,2.638000000000000000e+03
6.580000000000000000e+02,3.966000000000000000e+03
6.580000000000000000e+02,4.242000000000000000e+03
6.580000000000000000e+02,4.242000000000000000e+03
6.580000000000000000e+02,3.966000000000000000e+03
6.140000000000000000e+02,2.750000000000000000e+03
6.140000000000000000e+02,2.986000000000000000e+03
6.140000000000000000e+02,2.986000000000000000e+03
6.140000000000000000e+02,2.750000000000000000e+03
6.000000000000000000e+02,2.764000000000000000e+03
6.000000000000000000e+02,3.000000000000000000e+03
6.000000000000000000e+02,3.000000000000000000e+03
6.000000000000000000e+02,2.764000000000000000e+03
7.570000000000000000e+02,4.719000000000000000e+03
7.570000000000000000e+02,5.019000000000000000e+03
7.570000000000000000e+02,5.019000000000000000e+03
7.570000000000000000e+02,4.719000000000000000e+03
7.640000000000000000e+02,5.636000000000000000e+03
7.640000000000000000e+02,5.960000000000000000e+03
7.640000000000000000e+02,5.960000000000000000e+03
7.640000000000000000e+02,5.636000000000000000e+03
7.340000000000000000e+02,5.666000000000000000e+03
7.340000000000000000e+02,5.990000000000000000e+03
7.340000000000000000e+02,5.990000000000000000e+03
7.340000000000000000e+02,5.666000000000000000e+03
6.110000000000000000e+02,2.989000000000000000e+03
6.110000000000000000e+02,3.233000000000000000e+03
6.110000000000000000e+02,3.233000000000000000e+03
6.110000000000000000e+02,3.233000000000000000e+03
6.510000000000000000e+02,2.949000000000000000e+03
6.510000000000000000e+02,3.193000000000000000e+03
6.510000000000000000e+02,3.193000000000000000e+03
6.510000000000000000e+02,2.949000000000000000e+03
7.030000000000000000e+02,3.141000000000000000e+03
7.030000000000000000e+02,3.393000000000000000e+03
7.030000000000000000e+02,3.393000000000000000e+03
7.030000000000000000e+02,3.141000000000000000e+03
6.430000000000000000e+02,2.721000000000000000e+03
6.430000000000000000e+02,2.957000000000000000e+03
6.430000000000000000e+02,2.957000000000000000e+03
6.430000000000000000e+02,2.721000000000000000e+03
7.150000000000000000e+02,4.185000000000000000e+03
7.150000000000000000e+02,4.469000000000000000e+03
7.150000000000000000e+02,4.469000000000000000e+03
7.150000000000000000e+02,4.185000000000000000e+03
6.670000000000000000e+02,4.233000000000000000e+03
6.670000000000000000e+02,3.957000000000000000e+03
6.670000000000000000e+02,3.957000000000000000e+03
6.670000000000000000e+02,4.233000000000000000e+03
8.330000000000000000e+02,5.891000000000000000e+03
8.330000000000000000e+02,5.891000000000000000e+03
8.330000000000000000e+02,6.223000000000000000e+03
8.330000000000000000e+02,5.891000000000000000e+03
4.750000000000000000e+02,2.025000000000000000e+03
4.750000000000000000e+02,1.829000000000000000e+03
4.750000000000000000e+02,1.829000000000000000e+03
4.750000000000000000e+02,2.025000000000000000e+03
9.490000000000000000e+02,5.135000000000000000e+03
9.490000000000000000e+02,4.827000000000000000e+03
9.490000000000000000e+02,4.827000000000000000e+03
9.490000000000000000e+02,5.135000000000000000e+03
9.340000000000000000e+02,6.810000000000000000e+03
9.340000000000000000e+02,6.462000000000000000e+03
9.340000000000000000e+02,6.462000000000000000e+03
9.340000000000000000e+02,6.810000000000000000e+03
6.380000000000000000e+02,4.262000000000000000e+03
6.380000000000000000e+02,3.986000000000000000e+03
6.380000000000000000e+02,3.986000000000000000e+03
6.380000000000000000e+02,4.262000000000000000e+03
7.700000000000000000e+02,4.414000000000000000e+03
7.700000000000000000e+02,4.130000000000000000e+03
7.700000000000000000e+02,4.130000000000000000e+03
7.700000000000000000e+02,4.414000000000000000e+03
1.822000000000000000e+03,7.394000000000000000e+03
1.822000000000000000e+03,7.782000000000000000e+03
1.822000000000000000e+03,8.178000000000000000e+03
1.822000000000000000e+03,7.782000000000000000e+03
5.760000000000000000e+02,3.520000000000000000e+03
5.760000000000000000e+02,3.268000000000000000e+03
5.760000000000000000e+02,3.268000000000000000e+03
5.760000000000000000e+02,3.520000000000000000e+03
7.420000000000000000e+02,3.614000000000000000e+03
7.420000000000000000e+02,3.354000000000000000e+03
7.420000000000000000e+02,3.354000000000000000e+03
7.420000000000000000e+02,3.614000000000000000e+03
1.079000000000000000e+03,4.697000000000000000e+03
1.079000000000000000e+03,4.397000000000000000e+03
1.079000000000000000e+03,4.397000000000000000e+03
1.079000000000000000e+03,4.697000000000000000e+03
5.570000000000000000e+02,4.067000000000000000e+03
5.570000000000000000e+02,3.799000000000000000e+03
5.570000000000000000e+02,3.799000000000000000e+03
5.570000000000000000e+02,4.067000000000000000e+03
9.460000000000000000e+02,3.410000000000000000e+03
9.460000000000000000e+02,3.150000000000000000e+03
9.460000000000000000e+02,3.410000000000000000e+03
9.460000000000000000e+02,3.410000000000000000e+03
5.900000000000000000e+02,6.134000000000000000e+03
5.900000000000000000e+02,5.810000000000000000e+03
5.900000000000000000e+02,5.810000000000000000e+03
5.900000000000000000e+02,6.134000000000000000e+03
7.950000000000000000e+02,3.829000000000000000e+03
7.950000000000000000e+02,3.561000000000000000e+03
7.950000000000000000e+02,3.561000000000000000e+03
7.950000000000000000e+02,3.829000000000000000e+03
1.024000000000000000e+03,5.060000000000000000e+03
1.024000000000000000e+03,5.060000000000000000e+03
1.024000000000000000e+03,5.060000000000000000e+03
1.024000000000000000e+03,5.060000000000000000e+03
5.200000000000000000e+02,3.324000000000000000e+03
5.200000000000000000e+02,3.080000000000000000e+03
5.200000000000000000e+02,3.080000000000000000e+03
5.200000000000000000e+02,3.324000000000000000e+03
5.010000000000000000e+02,3.855000000000000000e+03
5.010000000000000000e+02,3.595000000000000000e+03
5.010000000000000000e+02,3.595000000000000000e+03
5.010000000000000000e+02,3.855000000000000000e+03
8.000000000000000000e+02,5.600000000000000000e+03
8.000000000000000000e+02,5.284000000000000000e+03
8.000000000000000000e+02,5.284000000000000000e+03
8.000000000000000000e+02,5.600000000000000000e+03
9.110000000000000000e+02,3.989000000000000000e+03
9.110000000000000000e+02,4.273000000000000000e+03
9.110000000000000000e+02,4.273000000000000000e+03
9.110000000000000000e+02,3.989000000000000000e+03
5.040000000000000000e+02,1.996000000000000000e+03
5.040000000000000000e+02,2.200000000000000000e+03
5.040000000000000000e+02,2.200000000000000000e+03
5.040000000000000000e+02,1.996000000000000000e+03
7.800000000000000000e+02,3.576000000000000000e+03
7.800000000000000000e+02,3.844000000000000000e+03
7.800000000000000000e+02,3.844000000000000000e+03
7.800000000000000000e+02,3.576000000000000000e+03
3.940000000000000000e+02,3.702000000000000000e+03
3.940000000000000000e+02,3.450000000000000000e+03
3.940000000000000000e+02,3.450000000000000000e+03
3.940000000000000000e+02,3.702000000000000000e+03
7.140000000000000000e+02,5.370000000000000000e+03
7.140000000000000000e+02,5.370000000000000000e+03
7.140000000000000000e+02,5.686000000000000000e+03
7.140000000000000000e+02,5.370000000000000000e+03
4.820000000000000000e+02,3.614000000000000000e+03
4.820000000000000000e+02,3.614000000000000000e+03
4.820000000000000000e+02,3.614000000000000000e+03
4.820000000000000000e+02,3.614000000000000000e+03
5.410000000000000000e+02,3.815000000000000000e+03
5.410000000000000000e+02,4.083000000000000000e+03
5.410000000000000000e+02,4.083000000000000000e+03
5.410000000000000000e+02,3.815000000000000000e+03
6.060000000000000000e+02,8.998000000000000000e+03
6.060000000000000000e+02,8.610000000000000000e+03
6.060000000000000000e+02,8.998000000000000000e+03
6.060000000000000000e+02,9.394000000000000000e+03
7.490000000000000000e+02,6.647000000000000000e+03
7.490000000000000000e+02,6.995000000000000000e+03
7.490000000000000000e+02,6.995000000000000000e+03
7.490000000000000000e+02,6.647000000000000000e+03
6.100000000000000000e+02,5.474000000000000000e+03
6.100000000000000000e+02,5.790000000000000000e+03
6.100000000000000000e+02,5.790000000000000000e+03
6.100000000000000000e+02,5.474000000000000000e+03
5.250000000000000000e+02,2.611000000000000000e+03
5.250000000000000000e+02,2.839000000000000000e+03
5.250000000000000000e+02,2.839000000000000000e+03
5.250000000000000000e+02,2.611000000000000000e+03
4.910000000000000000e+02,4.133000000000000000e+03
4.910000000000000000e+02,3.865000000000000000e+03
4.910000000000000000e+02,3.865000000000000000e+03
4.910000000000000000e+02,4.133000000000000000e+03
6.020000000000000000e+02,4.298000000000000000e+03
6.020000000000000000e+02,4.582000000000000000e+03
6.020000000000000000e+02,4.582000000000000000e+03
6.020000000000000000e+02,4.298000000000000000e+03
4.350000000000000000e+02,3.661000000000000000e+03
4.350000000000000000e+02,3.921000000000000000e+03
4.350000000000000000e+02,3.921000000000000000e+03
4.350000000000000000e+02,3.661000000000000000e+03
8.990000000000000000e+02,9.917000000000000000e+03
8.990000000000000000e+02,1.033700000000000000e+04
8.990000000000000000e+02,1.033700000000000000e+04
8.990000000000000000e+02,9.917000000000000000e+03
5.870000000000000000e+02,5.189000000000000000e+03
5.870000000000000000e+02,5.497000000000000000e+03
5.870000000000000000e+02,5.497000000000000000e+03
5.870000000000000000e+02,5.189000000000000000e+03
1.052000000000000000e+03,5.348000000000000000e+03
1.052000000000000000e+03,5.672000000000000000e+03
1.052000000000000000e+03,5.672000000000000000e+03
1.052000000000000000e+03,5.348000000000000000e+03
5.020000000000000000e+02,3.342000000000000000e+03
5.020000000000000000e+02,3.594000000000000000e+03
5.020000000000000000e+02,3.594000000000000000e+03
5.020000000000000000e+02,3.342000000000000000e+03
5.540000000000000000e+02,2.810000000000000000e+03
5.540000000000000000e+02,3.046000000000000000e+03
5.540000000000000000e+02,3.290000000000000000e+03
5.540000000000000000e+02,3.046000000000000000e+03
6.070000000000000000e+02,3.489000000000000000e+03
6.070000000000000000e+02,3.749000000000000000e+03
6.070000000000000000e+02,4.017000000000000000e+03
6.070000000000000000e+02,3.749000000000000000e+03
5.370000000000000000e+02,2.599000000000000000e+03
5.370000000000000000e+02,2.827000000000000000e+03
5.370000000000000000e+02,2.827000000000000000e+03
5.370000000000000000e+02,2.599000000000000000e+03
3.320000000000000000e+02,3.764000000000000000e+03
3.320000000000000000e+02,3.764000000000000000e+03
3.320000000000000000e+02,3.512000000000000000e+03
3.320000000000000000e+02,3.764000000000000000e+03
6.470000000000000000e+02,6.409000000000000000e+03
6.470000000000000000e+02,6.077000000000000000e+03
6.470000000000000000e+02,5.753000000000000000e+03
6.470000000000000000e+02,6.077000000000000000e+03
3.340000000000000000e+02,4.290000000000000000e+03
3.340000000000000000e+02,4.022000000000000000e+03
3.340000000000000000e+02,4.290000000000000000e+03
3.340000000000000000e+02,4.290000000000000000e+03
3.600000000000000000e+02,4.540000000000000000e+03
3.600000000000000000e+02,4.824000000000000000e+03
3.600000000000000000e+02,5.116000000000000000e+03
3.600000000000000000e+02,4.824000000000000000e+03
2.510000000000000000e+02,2.249000000000000000e+03
2.510000000000000000e+02,2.053000000000000000e+03
2.510000000000000000e+02,2.249000000000000000e+03
2.510000000000000000e+02,2.053000000000000000e+03
3.040000000000000000e+02,3.060000000000000000e+03
3.040000000000000000e+02,3.060000000000000000e+03
3.040000000000000000e+02,3.296000000000000000e+03
3.040000000000000000e+02,3.296000000000000000e+03
3.680000000000000000e+02,5.408000000000000000e+03
3.680000000000000000e+02,5.108000000000000000e+03
3.680000000000000000e+02,5.108000000000000000e+03
3.680000000000000000e+02,5.408000000000000000e+03
8.540000000000000000e+02,9.962000000000000000e+03
8.540000000000000000e+02,9.550000000000000000e+03
8.540000000000000000e+02,9.550000000000000000e+03
8.540000000000000000e+02,9.550000000000000000e+03
3.290000000000000000e+02,4.027000000000000000e+03
3.290000000000000000e+02,3.767000000000000000e+03
3.290000000000000000e+02,4.027000000000000000e+03
3.290000000000000000e+02,3.767000000000000000e+03
2.960000000000000000e+02,3.068000000000000000e+03
2.960000000000000000e+02,2.840000000000000000e+03
2.960000000000000000e+02,2.840000000000000000e+03
2.960000000000000000e+02,3.068000000000000000e+03
4.130000000000000000e+02,5.063000000000000000e+03
4.130000000000000000e+02,4.771000000000000000e+03
4.130000000000000000e+02,4.487000000000000000e+03
4.130000000000000000e+02,4.771000000000000000e+03
3.360000000000000000e+02,3.760000000000000000e+03
3.360000000000000000e+02,3.760000000000000000e+03
3.360000000000000000e+02,4.020000000000000000e+03
3.360000000000000000e+02,4.020000000000000000e+03
2.830000000000000000e+02,3.081000000000000000e+03
2.830000000000000000e+02,2.853000000000000000e+03
2.830000000000000000e+02,3.081000000000000000e+03
2.830000000000000000e+02,2.853000000000000000e+03
3.460000000000000000e+02,3.750000000000000000e+03
3.460000000000000000e+02,3.498000000000000000e+03
3.460000000000000000e+02,3.254000000000000000e+03
3.460000000000000000e+02,3.498000000000000000e+03
3.050000000000000000e+02,3.295000000000000000e+03
3.050000000000000000e+02,3.295000000000000000e+03
3.050000000000000000e+02,3.539000000000000000e+03
3.050000000000000000e+02,3.295000000000000000e+03
3.760000000000000000e+02,5.400000000000000000e+03
3.760000000000000000e+02,5.100000000000000000e+03
3.760000000000000000e+02,5.100000000000000000e+03
3.760000000000000000e+02,5.400000000000000000e+03
4.150000000000000000e+02,5.669000000000000000e+03
4.150000000000000000e+02,5.669000000000000000e+03
4.150000000000000000e+02,5.985000000000000000e+03
4.150000000000000000e+02,5.669000000000000000e+03
4.990000000000000000e+02,8.717000000000000000e+03
4.990000000000000000e+02,9.105000000000000000e+03
4.990000000000000000e+02,9.105000000000000000e+03
4.990000000000000000e+02,9.105000000000000000e+03
4.200000000000000000e+02,4.480000000000000000e+03
4.200000000000000000e+02,4.204000000000000000e+03
4.200000000000000000e+02,4.204000000000000000e+03
4.200000000000000000e+02,4.204000000000000000e+03
3.830000000000000000e+02,4.241000000000000000e+03
3.830000000000000000e+02,3.973000000000000000e+03
3.830000000000000000e+02,3.713000000000000000e+03
3.830000000000000000e+02,3.973000000000000000e+03
5.180000000000000000e+02,2.618000000000000000e+03
5.180000000000000000e+02,2.618000000000000000e+03
5.180000000000000000e+02,2.398000000000000000e+03
5.180000000000000000e+02,2.398000000000000000e+03
2.330000000000000000e+02,1.531000000000000000e+03
2.330000000000000000e+02,1.703000000000000000e+03
2.330000000000000000e+02,1.883000000000000000e+03
2.330000000000000000e+02,1.703000000000000000e+03
2.600000000000000000e+02,1.676000000000000000e+03
2.600000000000000000e+02,1.676000000000000000e+03
2.600000000000000000e+02,1.856000000000000000e+03
2.600000000000000000e+02,1.856000000000000000e+03
1.610000000000000000e+02,8.630000000000000000e+02
1.610000000000000000e+02,8.630000000000000000e+02
1.610000000000000000e+02,9.950000000000000000e+02
1.610000000000000000e+02,9.950000000000000000e+02
2.100000000000000000e+02,1.390000000000000000e+03
2.100000000000000000e+02,1.390000000000000000e+03
2.100000000000000000e+02,1.390000000000000000e+03
2.100000000000000000e+02,1.554000000000000000e+03
7.700000000000000000e+02,5.630000000000000000e+03
7.700000000000000000e+02,5.630000000000000000e+03
7.700000000000000000e+02,5.314000000000000000e+03
7.700000000000000000e+02,5.314000000000000000e+03
2.680000000000000000e+02,2.232000000000000000e+03
2.680000000000000000e+02,2.232000000000000000e+03
2.680000000000000000e+02,2.436000000000000000e+03
2.680000000000000000e+02,2.436000000000000000e+03
2.580000000000000000e+02,1.858000000000000000e+03
2.580000000000000000e+02,1.858000000000000000e+03
2.580000000000000000e+02,1.858000000000000000e+03
2.580000000000000000e+02,1.858000000000000000e+03
2.230000000000000000e+02,1.893000000000000000e+03
2.230000000000000000e+02,1.893000000000000000e+03
2.230000000000000000e+02,1.713000000000000000e+03
2.230000000000000000e+02,1.713000000000000000e+03
2.720000000000000000e+02,2.644000000000000000e+03
2.720000000000000000e+02,2.644000000000000000e+03
2.720000000000000000e+02,2.432000000000000000e+03
2.720000000000000000e+02,2.432000000000000000e+03
7.100000000000000000e+02,3.134000000000000000e+03
7.100000000000000000e+02,3.386000000000000000e+03
7.100000000000000000e+02,3.134000000000000000e+03
7.100000000000000000e+02,3.134000000000000000e+03
2.030000000000000000e+02,1.241000000000000000e+03
2.030000000000000000e+02,1.241000000000000000e+03
2.030000000000000000e+02,1.397000000000000000e+03
2.030000000000000000e+02,1.241000000000000000e+03
2.620000000000000000e+02,2.238000000000000000e+03
2.620000000000000000e+02,2.238000000000000000e+03
2.620000000000000000e+02,2.042000000000000000e+03
2.620000000000000000e+02,2.042000000000000000e+03
2.500000000000000000e+02,2.250000000000000000e+03
2.500000000000000000e+02,2.250000000000000000e+03
2.500000000000000000e+02,2.250000000000000000e+03
2.500000000000000000e+02,2.250000000000000000e+03
1.840000000000000000e+02,1.112000000000000000e+03
1.840000000000000000e+02,1.112000000000000000e+03
1.840000000000000000e+02,1.112000000000000000e+03
1.840000000000000000e+02,1.112000000000000000e+03
2.040000000000000000e+02,1.396000000000000000e+03
2.040000000000000000e+02,1.396000000000000000e+03
2.040000000000000000e+02,1.396000000000000000e+03
2.040000000000000000e+02,1.396000000000000000e+03
2.920000000000000000e+02,2.844000000000000000e+03
2.920000000000000000e+02,2.844000000000000000e+03
2.920000000000000000e+02,3.072000000000000000e+03
2.920000000000000000e+02,3.072000000000000000e+03
2.340000000000000000e+02,1.882000000000000000e+03
2.340000000000000000e+02,1.882000000000000000e+03
2.340000000000000000e+02,2.070000000000000000e+03
2.340000000000000000e+02,2.070000000000000000e+03
5.770000000000000000e+02,3.519000000000000000e+03
5.770000000000000000e+02,3.519000000000000000e+03
5.770000000000000000e+02,3.267000000000000000e+03
5.770000000000000000e+02,3.267000000000000000e+03
5.010000000000000000e+02,4.683000000000000000e+03
5.010000000000000000e+02,4.975000000000000000e+03
5.010000000000000000e+02,4.683000000000000000e+03
5.010000000000000000e+02,4.399000000000000000e+03
5.640000000000000000e+02,5.212000000000000000e+03
5.640000000000000000e+02,5.520000000000000000e+03
5.640000000000000000e+02,5.520000000000000000e+03
5.640000000000000000e+02,5.212000000000000000e+03
6.210000000000000000e+02,3.475000000000000000e+03
6.210000000000000000e+02,3.475000000000000000e+03
6.210000000000000000e+02,3.223000000000000000e+03
6.210000000000000000e+02,3.475000000000000000e+03
7.580000000000000000e+02,8.078000000000000000e+03
7.580000000000000000e+02,8.078000000000000000e+03
7.580000000000000000e+02,8.458000000000000000e+03
7.580000000000000000e+02,8.078000000000000000e+03
5.660000000000000000e+02,4.058000000000000000e+03
5.660000000000000000e+02,4.058000000000000000e+03
5.660000000000000000e+02,4.058000000000000000e+03
5.660000000000000000e+02,4.058000000000000000e+03
6.460000000000000000e+02,5.438000000000000000e+03
6.460000000000000000e+02,5.130000000000000000e+03
6.460000000000000000e+02,4.830000000000000000e+03
6.460000000000000000e+02,5.130000000000000000e+03
7.110000000000000000e+02,5.373000000000000000e+03
7.110000000000000000e+02,5.373000000000000000e+03
7.110000000000000000e+02,5.065000000000000000e+03
7.110000000000000000e+02,5.373000000000000000e+03
7.570000000000000000e+02,8.459000000000000000e+03
7.570000000000000000e+02,8.079000000000000000e+03
7.570000000000000000e+02,7.707000000000000000e+03
7.570000000000000000e+02,8.079000000000000000e+03
6.670000000000000000e+02,5.109000000000000000e+03
6.670000000000000000e+02,4.809000000000000000e+03
6.670000000000000000e+02,4.809000000000000000e+03
6.670000000000000000e+02,4.809000000000000000e+03
8.250000000000000000e+02,5.899000000000000000e+03
8.250000000000000000e+02,5.899000000000000000e+03
8.230000000000000000e+02,5.901000000000000000e+03
8.230000000000000000e+02,5.901000000000000000e+03
7.160000000000000000e+02,3.908000000000000000e+03
7.160000000000000000e+02,3.908000000000000000e+03
7.160000000000000000e+02,4.184000000000000000e+03
7.160000000000000000e+02,3.908000000000000000e+03
7.690000000000000000e+02,7.695000000000000000e+03
7.690000000000000000e+02,7.331000000000000000e+03
7.690000000000000000e+02,7.331000000000000000e+03
7.690000000000000000e+02,7.695000000000000000e+03
6.650000000000000000e+02,4.811000000000000000e+03
6.650000000000000000e+02,5.111000000000000000e+03
6.650000000000000000e+02,5.111000000000000000e+03
6.650000000000000000e+02,4.811000000000000000e+03
6.470000000000000000e+02,5.437000000000000000e+03
6.470000000000000000e+02,5.129000000000000000e+03
6.470000000000000000e+02,5.437000000000000000e+03
6.470000000000000000e+02,5.129000000000000000e+03
7.100000000000000000e+02,4.190000000000000000e+03
7.100000000000000000e+02,4.190000000000000000e+03
7.100000000000000000e+02,4.190000000000000000e+03
7.100000000000000000e+02,4.190000000000000000e+03
6.030000000000000000e+02,5.481000000000000000e+03
6.030000000000000000e+02,5.797000000000000000e+03
6.030000000000000000e+02,5.797000000000000000e+03
6.030000000000000000e+02,5.481000000000000000e+03
6.920000000000000000e+02,6.364000000000000000e+03
6.920000000000000000e+02,6.032000000000000000e+03
6.920000000000000000e+02,6.032000000000000000e+03
6.920000000000000000e+02,6.032000000000000000e+03
6.160000000000000000e+02,5.784000000000000000e+03
6.160000000000000000e+02,6.108000000000000000e+03
6.160000000000000000e+02,6.108000000000000000e+03
6.160000000000000000e+02,5.784000000000000000e+03
4.670000000000000000e+02,3.133000000000000000e+03
4.670000000000000000e+02,3.133000000000000000e+03
4.670000000000000000e+02,3.133000000000000000e+03
4.670000000000000000e+02,3.133000000000000000e+03
6.270000000000000000e+02,4.273000000000000000e+03
6.270000000000000000e+02,4.557000000000000000e+03
6.270000000000000000e+02,4.849000000000000000e+03
6.270000000000000000e+02,4.557000000000000000e+03
7.470000000000000000e+02,8.469000000000000000e+03
7.470000000000000000e+02,8.089000000000000000e+03
7.470000000000000000e+02,8.089000000000000000e+03
7.470000000000000000e+02,8.469000000000000000e+03
3.520000000000000000e+02,1.046400000000000000e+04
3.520000000000000000e+02,1.046400000000000000e+04
3.520000000000000000e+02,1.088400000000000000e+04
3.520000000000000000e+02,1.088400000000000000e+04
5.600000000000000000e+02,5.524000000000000000e+03
5.600000000000000000e+02,5.524000000000000000e+03
5.600000000000000000e+02,5.840000000000000000e+03
5.600000000000000000e+02,5.840000000000000000e+03
6.450000000000000000e+02,2.955000000000000000e+03
6.450000000000000000e+02,2.955000000000000000e+03
6.450000000000000000e+02,3.199000000000000000e+03
6.450000000000000000e+02,3.199000000000000000e+03
6.380000000000000000e+02,3.206000000000000000e+03
6.380000000000000000e+02,3.206000000000000000e+03
6.380000000000000000e+02,3.458000000000000000e+03
6.380000000000000000e+02,3.458000000000000000e+03
3.980000000000000000e+02,2.518000000000000000e+03
3.980000000000000000e+02,2.518000000000000000e+03
3.980000000000000000e+02,2.306000000000000000e+03
3.980000000000000000e+02,2.306000000000000000e+03
2.380000000000000000e+02,4.118000000000000000e+03
2.380000000000000000e+02,4.118000000000000000e+03
2.380000000000000000e+02,4.386000000000000000e+03
2.380000000000000000e+02,4.386000000000000000e+03
3.300000000000000000e+02,4.570000000000000000e+03
3.300000000000000000e+02,4.570000000000000000e+03
3.300000000000000000e+02,4.854000000000000000e+03
3.300000000000000000e+02,4.854000000000000000e+03
2.290000000000000000e+02,2.075000000000000000e+03
2.290000000000000000e+02,2.271000000000000000e+03
2.290000000000000000e+02,2.271000000000000000e+03
2.290000000000000000e+02,2.271000000000000000e+03
3.940000000000000000e+02,3.450000000000000000e+03
3.940000000000000000e+02,3.450000000000000000e+03
3.940000000000000000e+02,3.702000000000000000e+03
3.940000000000000000e+02,3.702000000000000000e+03
5.910000000000000000e+02,5.185000000000000000e+03
5.910000000000000000e+02,5.185000000000000000e+03
5.910000000000000000e+02,5.493000000000000000e+03
5.910000000000000000e+02,5.493000000000000000e+03
9.240000000000000000e+02,5.160000000000000000e+03
9.240000000000000000e+02,5.160000000000000000e+03
9.240000000000000000e+02,4.852000000000000000e+03
9.240000000000000000e+02,4.852000000000000000e+03
2.100000000000000000e+02,3.634000000000000000e+03
2.100000000000000000e+02,3.634000000000000000e+03
2.100000000000000000e+02,3.886000000000000000e+03
2.100000000000000000e+02,3.886000000000000000e+03
7.240000000000000000e+02,5.052000000000000000e+03
7.240000000000000000e+02,5.052000000000000000e+03
7.240000000000000000e+02,5.360000000000000000e+03
7.240000000000000000e+02,5.360000000000000000e+03
5.490000000000000000e+02,3.295000000000000000e+03
5.490000000000000000e+02,3.295000000000000000e+03
5.490000000000000000e+02,3.547000000000000000e+03
5.490000000000000000e+02,3.547000000000000000e+03
5.240000000000000000e+02,2.180000000000000000e+03
5.240000000000000000e+02,2.392000000000000000e+03
5.240000000000000000e+02,2.392000000000000000e+03
5.240000000000000000e+02,2.392000000000000000e+03
4.250000000000000000e+02,3.671000000000000000e+03
4.250000000000000000e+02,3.671000000000000000e+03
4.250000000000000000e+02,3.931000000000000000e+03
4.250000000000000000e+02,3.931000000000000000e+03
4.870000000000000000e+02,3.609000000000000000e+03
4.870000000000000000e+02,3.609000000000000000e+03
4.870000000000000000e+02,3.357000000000000000e+03
4.870000000000000000e+02,3.357000000000000000e+03
3.100000000000000000e+02,3.534000000000000000e+03
3.100000000000000000e+02,3.534000000000000000e+03
3.100000000000000000e+02,3.786000000000000000e+03
3.100000000000000000e+02,3.786000000000000000e+03
9.850000000000000000e+02,3.371000000000000000e+03
9.850000000000000000e+02,3.639000000000000000e+03
9.850000000000000000e+02,3.639000000000000000e+03
9.850000000000000000e+02,3.639000000000000000e+03
2.370000000000000000e+02,3.127000000000000000e+03
2.370000000000000000e+02,2.899000000000000000e+03
2.370000000000000000e+02,3.127000000000000000e+03
2.370000000000000000e+02,3.363000000000000000e+03
1.502000000000000000e+03,8.902000000000000000e+03
1.502000000000000000e+03,9.314000000000000000e+03
1.502000000000000000e+03,8.902000000000000000e+03
1.502000000000000000e+03,8.902000000000000000e+03
1.032000000000000000e+03,5.368000000000000000e+03
1.032000000000000000e+03,5.692000000000000000e+03
1.032000000000000000e+03,5.692000000000000000e+03
1.032000000000000000e+03,5.368000000000000000e+03
8.760000000000000000e+02,4.308000000000000000e+03
8.760000000000000000e+02,4.600000000000000000e+03
8.760000000000000000e+02,4.600000000000000000e+03
8.760000000000000000e+02,4.308000000000000000e+03
1.090000000000000000e+03,7.010000000000000000e+03
1.090000000000000000e+03,7.374000000000000000e+03
1.090000000000000000e+03,7.374000000000000000e+03
1.090000000000000000e+03,7.010000000000000000e+03
9.610000000000000000e+02,4.515000000000000000e+03
9.610000000000000000e+02,4.815000000000000000e+03
9.610000000000000000e+02,4.815000000000000000e+03
9.610000000000000000e+02,4.515000000000000000e+03
8.280000000000000000e+02,4.356000000000000000e+03
8.280000000000000000e+02,4.648000000000000000e+03
8.280000000000000000e+02,4.648000000000000000e+03
8.280000000000000000e+02,4.356000000000000000e+03
9.220000000000000000e+02,4.854000000000000000e+03
9.220000000000000000e+02,5.162000000000000000e+03
9.220000000000000000e+02,5.162000000000000000e+03
9.220000000000000000e+02,4.854000000000000000e+03
8.260000000000000000e+02,3.270000000000000000e+03
8.260000000000000000e+02,3.270000000000000000e+03
8.260000000000000000e+02,3.270000000000000000e+03
8.260000000000000000e+02,3.270000000000000000e+03
1.120000000000000000e+03,9.696000000000000000e+03
1.120000000000000000e+03,1.011600000000000000e+04
1.120000000000000000e+03,1.011600000000000000e+04
1.120000000000000000e+03,9.696000000000000000e+03
9.430000000000000000e+02,3.153000000000000000e+03
9.430000000000000000e+02,3.413000000000000000e+03
9.430000000000000000e+02,3.413000000000000000e+03
9.430000000000000000e+02,3.153000000000000000e+03
6.570000000000000000e+02,4.243000000000000000e+03
6.570000000000000000e+02,4.527000000000000000e+03
6.570000000000000000e+02,4.527000000000000000e+03
6.570000000000000000e+02,4.243000000000000000e+03
9.380000000000000000e+02,5.146000000000000000e+03
9.380000000000000000e+02,5.462000000000000000e+03
9.380000000000000000e+02,5.786000000000000000e+03
9.380000000000000000e+02,5.462000000000000000e+03
8.160000000000000000e+02,3.808000000000000000e+03
8.160000000000000000e+02,4.084000000000000000e+03
8.160000000000000000e+02,4.084000000000000000e+03
8.160000000000000000e+02,3.808000000000000000e+03
9.930000000000000000e+02,5.407000000000000000e+03
9.930000000000000000e+02,5.731000000000000000e+03
9.930000000000000000e+02,5.731000000000000000e+03
9.930000000000000000e+02,5.407000000000000000e+03
7.460000000000000000e+02,3.610000000000000000e+03
7.460000000000000000e+02,3.610000000000000000e+03
7.460000000000000000e+02,3.878000000000000000e+03
7.460000000000000000e+02,3.610000000000000000e+03
9.390000000000000000e+02,4.537000000000000000e+03
9.390000000000000000e+02,4.837000000000000000e+03
9.390000000000000000e+02,4.837000000000000000e+03
9.390000000000000000e+02,4.537000000000000000e+03
9.810000000000000000e+02,9.019000000000000000e+03
9.810000000000000000e+02,9.423000000000000000e+03
9.810000000000000000e+02,9.423000000000000000e+03
9.810000000000000000e+02,9.019000000000000000e+03
9.090000000000000000e+02,5.815000000000000000e+03
9.090000000000000000e+02,6.147000000000000000e+03
9.090000000000000000e+02,6.147000000000000000e+03
9.090000000000000000e+02,5.815000000000000000e+03
9.070000000000000000e+02,6.149000000000000000e+03
9.070000000000000000e+02,6.489000000000000000e+03
9.070000000000000000e+02,6.149000000000000000e+03
9.070000000000000000e+02,5.817000000000000000e+03
1.012000000000000000e+03,6.044000000000000000e+03
1.012000000000000000e+03,6.384000000000000000e+03
1.012000000000000000e+03,6.384000000000000000e+03
1.012000000000000000e+03,6.044000000000000000e+03
5.720000000000000000e+02,2.344000000000000000e+03
5.720000000000000000e+02,2.132000000000000000e+03
5.720000000000000000e+02,2.132000000000000000e+03
5.720000000000000000e+02,2.132000000000000000e+03
3.890000000000000000e+02,9.070000000000000000e+02
3.890000000000000000e+02,7.670000000000000000e+02
3.890000000000000000e+02,9.070000000000000000e+02
3.890000000000000000e+02,7.670000000000000000e+02
6.470000000000000000e+02,2.269000000000000000e+03
6.470000000000000000e+02,2.057000000000000000e+03
6.470000000000000000e+02,1.853000000000000000e+03
6.470000000000000000e+02,2.057000000000000000e+03
6.870000000000000000e+02,2.449000000000000000e+03
6.870000000000000000e+02,2.677000000000000000e+03
6.870000000000000000e+02,2.913000000000000000e+03
6.870000000000000000e+02,2.677000000000000000e+03
4.810000000000000000e+02,1.455000000000000000e+03
4.810000000000000000e+02,1.283000000000000000e+03
4.810000000000000000e+02,1.283000000000000000e+03
4.810000000000000000e+02,1.283000000000000000e+03
4.200000000000000000e+02,1.344000000000000000e+03
4.200000000000000000e+02,1.180000000000000000e+03
4.200000000000000000e+02,1.180000000000000000e+03
4.200000000000000000e+02,1.180000000000000000e+03
4.310000000000000000e+02,8.650000000000000000e+02
4.310000000000000000e+02,8.650000000000000000e+02
4.310000000000000000e+02,8.650000000000000000e+02
4.310000000000000000e+02,1.013000000000000000e+03
4.370000000000000000e+02,1.007000000000000000e+03
4.370000000000000000e+02,1.007000000000000000e+03
4.370000000000000000e+02,1.007000000000000000e+03
4.370000000000000000e+02,1.007000000000000000e+03
7.150000000000000000e+02,1.401000000000000000e+03
7.150000000000000000e+02,1.589000000000000000e+03
7.150000000000000000e+02,1.589000000000000000e+03
7.150000000000000000e+02,1.401000000000000000e+03
5.060000000000000000e+02,1.430000000000000000e+03
5.060000000000000000e+02,1.430000000000000000e+03
5.060000000000000000e+02,1.258000000000000000e+03
5.060000000000000000e+02,1.430000000000000000e+03
3.200000000000000000e+02,5.800000000000000000e+02
3.200000000000000000e+02,4.640000000000000000e+02
3.200000000000000000e+02,5.800000000000000000e+02
3.200000000000000000e+02,5.800000000000000000e+02
7.440000000000000000e+02,1.560000000000000000e+03
7.440000000000000000e+02,1.372000000000000000e+03
7.440000000000000000e+02,1.372000000000000000e+03
7.440000000000000000e+02,1.372000000000000000e+03
5.970000000000000000e+02,2.539000000000000000e+03
5.970000000000000000e+02,2.319000000000000000e+03
5.970000000000000000e+02,2.319000000000000000e+03
5.970000000000000000e+02,2.539000000000000000e+03
4.470000000000000000e+02,9.970000000000000000e+02
4.470000000000000000e+02,1.153000000000000000e+03
4.470000000000000000e+02,1.153000000000000000e+03
4.470000000000000000e+02,1.153000000000000000e+03
4.110000000000000000e+02,1.033000000000000000e+03
4.110000000000000000e+02,1.033000000000000000e+03
4.110000000000000000e+02,1.033000000000000000e+03
4.110000000000000000e+02,1.033000000000000000e+03
4.550000000000000000e+02,1.145000000000000000e+03
4.550000000000000000e+02,1.145000000000000000e+03
4.550000000000000000e+02,1.145000000000000000e+03
4.550000000000000000e+02,1.145000000000000000e+03
4.290000000000000000e+02,7.270000000000000000e+02
4.290000000000000000e+02,7.270000000000000000e+02
4.290000000000000000e+02,7.270000000000000000e+02
4.290000000000000000e+02,8.670000000000000000e+02
3.910000000000000000e+02,7.650000000000000000e+02
3.910000000000000000e+02,6.330000000000000000e+02
3.910000000000000000e+02,7.650000000000000000e+02
3.910000000000000000e+02,9.050000000000000000e+02
5.940000000000000000e+02,1.170000000000000000e+03
5.940000000000000000e+02,1.006000000000000000e+03
5.940000000000000000e+02,1.006000000000000000e+03
5.940000000000000000e+02,1.006000000000000000e+03
5.340000000000000000e+02,1.582000000000000000e+03
5.340000000000000000e+02,1.402000000000000000e+03
5.340000000000000000e+02,1.230000000000000000e+03
5.340000000000000000e+02,1.402000000000000000e+03
5.450000000000000000e+02,3.299000000000000000e+03
5.450000000000000000e+02,3.299000000000000000e+03
5.450000000000000000e+02,3.055000000000000000e+03
5.450000000000000000e+02,3.055000000000000000e+03
7.060000000000000000e+02,7.038000000000000000e+03
7.060000000000000000e+02,7.038000000000000000e+03
7.060000000000000000e+02,6.690000000000000000e+03
7.060000000000000000e+02,6.690000000000000000e+03
9.570000000000000000e+02,6.099000000000000000e+03
9.570000000000000000e+02,6.099000000000000000e+03
9.570000000000000000e+02,5.767000000000000000e+03
9.570000000000000000e+02,5.767000000000000000e+03
6.360000000000000000e+02,4.840000000000000000e+03
6.360000000000000000e+02,4.840000000000000000e+03
6.360000000000000000e+02,4.840000000000000000e+03
6.360000000000000000e+02,4.548000000000000000e+03
5.020000000000000000e+02,3.594000000000000000e+03
5.020000000000000000e+02,3.854000000000000000e+03
5.020000000000000000e+02,3.594000000000000000e+03
5.020000000000000000e+02,3.342000000000000000e+03
7.540000000000000000e+02,4.722000000000000000e+03
7.540000000000000000e+02,4.722000000000000000e+03
7.540000000000000000e+02,4.430000000000000000e+03
7.540000000000000000e+02,4.430000000000000000e+03
5.920000000000000000e+02,5.808000000000000000e+03
5.920000000000000000e+02,6.132000000000000000e+03
5.920000000000000000e+02,5.808000000000000000e+03
5.920000000000000000e+02,5.808000000000000000e+03
6.880000000000000000e+02,3.408000000000000000e+03
6.880000000000000000e+02,3.408000000000000000e+03
6.880000000000000000e+02,3.156000000000000000e+03
6.880000000000000000e+02,3.156000000000000000e+03
5.260000000000000000e+02,1.974000000000000000e+03
5.260000000000000000e+02,1.974000000000000000e+03
5.260000000000000000e+02,1.778000000000000000e+03
5.260000000000000000e+02,1.778000000000000000e+03
5.610000000000000000e+02,4.063000000000000000e+03
5.610000000000000000e+02,4.339000000000000000e+03
5.610000000000000000e+02,4.063000000000000000e+03
5.610000000000000000e+02,3.795000000000000000e+03
8.800000000000000000e+02,4.304000000000000000e+03
8.800000000000000000e+02,4.596000000000000000e+03
8.800000000000000000e+02,4.304000000000000000e+03
8.800000000000000000e+02,4.020000000000000000e+03
4.590000000000000000e+02,1.477000000000000000e+03
4.590000000000000000e+02,1.477000000000000000e+03
4.590000000000000000e+02,1.657000000000000000e+03
4.590000000000000000e+02,1.657000000000000000e+03
8.300000000000000000e+02,7.634000000000000000e+03
8.300000000000000000e+02,7.634000000000000000e+03
8.300000000000000000e+02,7.270000000000000000e+03
8.300000000000000000e+02,7.270000000000000000e+03
1.336000000000000000e+03,5.720000000000000000e+03
1.336000000000000000e+03,5.720000000000000000e+03
1.336000000000000000e+03,5.388000000000000000e+03
1.336000000000000000e+03,5.388000000000000000e+03
5.540000000000000000e+02,4.630000000000000000e+03
5.540000000000000000e+02,4.630000000000000000e+03
5.540000000000000000e+02,4.346000000000000000e+03
5.540000000000000000e+02,4.346000000000000000e+03
4.870000000000000000e+02,3.113000000000000000e+03
4.870000000000000000e+02,3.357000000000000000e+03
4.870000000000000000e+02,3.357000000000000000e+03
4.870000000000000000e+02,3.357000000000000000e+03
1.091000000000000000e+03,6.305000000000000000e+03
1.091000000000000000e+03,6.305000000000000000e+03
1.091000000000000000e+03,5.965000000000000000e+03
1.091000000000000000e+03,5.965000000000000000e+03
6.600000000000000000e+02,5.424000000000000000e+03
6.600000000000000000e+02,5.424000000000000000e+03
6.600000000000000000e+02,5.116000000000000000e+03
6.600000000000000000e+02,5.116000000000000000e+03
1.151000000000000000e+03,7.685000000000000000e+03
1.151000000000000000e+03,7.685000000000000000e+03
1.151000000000000000e+03,7.313000000000000000e+03
1.151000000000000000e+03,7.313000000000000000e+03
6.990000000000000000e+02,5.077000000000000000e+03
6.990000000000000000e+02,5.077000000000000000e+03
6.990000000000000000e+02,4.777000000000000000e+03
6.990000000000000000e+02,4.777000000000000000e+03
1.230000000000000000e+03,7.606000000000000000e+03
1.230000000000000000e+03,7.606000000000000000e+03
1.230000000000000000e+03,7.986000000000000000e+03
1.230000000000000000e+03,7.986000000000000000e+03
1.320000000000000000e+03,7.516000000000000000e+03
1.320000000000000000e+03,7.896000000000000000e+03
1.320000000000000000e+03,8.284000000000000000e+03
1.320000000000000000e+03,7.896000000000000000e+03
9.380000000000000000e+02,4.538000000000000000e+03
9.380000000000000000e+02,4.246000000000000000e+03
9.380000000000000000e+02,4.246000000000000000e+03
9.380000000000000000e+02,4.538000000000000000e+03
9.820000000000000000e+02,6.414000000000000000e+03
9.820000000000000000e+02,6.074000000000000000e+03
9.820000000000000000e+02,6.414000000000000000e+03
9.820000000000000000e+02,6.414000000000000000e+03
1.015000000000000000e+03,6.729000000000000000e+03
1.015000000000000000e+03,6.381000000000000000e+03
1.015000000000000000e+03,6.729000000000000000e+03
1.015000000000000000e+03,7.085000000000000000e+03
1.072000000000000000e+03,5.984000000000000000e+03
1.072000000000000000e+03,5.652000000000000000e+03
1.072000000000000000e+03,5.652000000000000000e+03
1.072000000000000000e+03,5.984000000000000000e+03
7.700000000000000000e+02,6.286000000000000000e+03
7.700000000000000000e+02,6.286000000000000000e+03
7.700000000000000000e+02,6.626000000000000000e+03
7.700000000000000000e+02,6.626000000000000000e+03
9.290000000000000000e+02,5.155000000000000000e+03
9.290000000000000000e+02,5.155000000000000000e+03
9.290000000000000000e+02,5.471000000000000000e+03
9.290000000000000000e+02,5.471000000000000000e+03
8.990000000000000000e+02,9.101000000000000000e+03
8.990000000000000000e+02,8.705000000000000000e+03
8.990000000000000000e+02,8.705000000000000000e+03
8.990000000000000000e+02,9.101000000000000000e+03
7.360000000000000000e+02,5.664000000000000000e+03
7.360000000000000000e+02,5.348000000000000000e+03
7.360000000000000000e+02,5.348000000000000000e+03
7.360000000000000000e+02,5.664000000000000000e+03
7.230000000000000000e+02,5.053000000000000000e+03
7.230000000000000000e+02,4.753000000000000000e+03
7.230000000000000000e+02,4.753000000000000000e+03
7.230000000000000000e+02,5.053000000000000000e+03
6.840000000000000000e+02,8.532000000000000000e+03
6.840000000000000000e+02,8.920000000000000000e+03
6.840000000000000000e+02,9.316000000000000000e+03
6.840000000000000000e+02,8.920000000000000000e+03
9.660000000000000000e+02,6.090000000000000000e+03
9.660000000000000000e+02,6.090000000000000000e+03
9.660000000000000000e+02,6.430000000000000000e+03
9.660000000000000000e+02,6.430000000000000000e+03
1.166000000000000000e+03,7.670000000000000000e+03
1.166000000000000000e+03,8.050000000000000000e+03
1.166000000000000000e+03,8.438000000000000000e+03
1.166000000000000000e+03,8.050000000000000000e+03
1.033000000000000000e+03,7.067000000000000000e+03
1.033000000000000000e+03,7.067000000000000000e+03
1.033000000000000000e+03,7.431000000000000000e+03
1.033000000000000000e+03,7.431000000000000000e+03
1.002000000000000000e+03,6.742000000000000000e+03
1.002000000000000000e+03,6.742000000000000000e+03
1.002000000000000000e+03,7.098000000000000000e+03
1.002000000000000000e+03,6.742000000000000000e+03
1.439000000000000000e+03,1.022500000000000000e+04
1.439000000000000000e+03,1.022500000000000000e+04
1.439000000000000000e+03,1.066100000000000000e+04
1.439000000000000000e+03,1.066100000000000000e+04
1.029000000000000000e+03,5.695000000000000000e+03
1.029000000000000000e+03,5.371000000000000000e+03
1.029000000000000000e+03,5.371000000000000000e+03
1.029000000000000000e+03,5.695000000000000000e+03
1.037000000000000000e+03,9.367000000000000000e+03
1.031000000000000000e+03,8.969000000000000000e+03
1.031000000000000000e+03,8.969000000000000000e+03
1.031000000000000000e+03,9.373000000000000000e+03
9.260000000000000000e+02,5.474000000000000000e+03
9.260000000000000000e+02,5.798000000000000000e+03
9.260000000000000000e+02,6.130000000000000000e+03
9.260000000000000000e+02,5.798000000000000000e+03
6.580000000000000000e+02,4.818000000000000000e+03
6.580000000000000000e+02,5.118000000000000000e+03
6.580000000000000000e+02,5.118000000000000000e+03
6.580000000000000000e+02,4.818000000000000000e+03
7.430000000000000000e+02,4.157000000000000000e+03
7.430000000000000000e+02,4.441000000000000000e+03
7.430000000000000000e+02,4.441000000000000000e+03
7.430000000000000000e+02,4.157000000000000000e+03
9.030000000000000000e+02,5.821000000000000000e+03
9.030000000000000000e+02,6.153000000000000000e+03
9.030000000000000000e+02,6.153000000000000000e+03
9.030000000000000000e+02,5.821000000000000000e+03
8.940000000000000000e+02,7.570000000000000000e+03
8.940000000000000000e+02,7.942000000000000000e+03
8.940000000000000000e+02,7.942000000000000000e+03
8.940000000000000000e+02,7.570000000000000000e+03
6.710000000000000000e+02,4.513000000000000000e+03
6.710000000000000000e+02,4.805000000000000000e+03
6.710000000000000000e+02,4.805000000000000000e+03
6.710000000000000000e+02,4.513000000000000000e+03
8.150000000000000000e+02,6.929000000000000000e+03
8.150000000000000000e+02,7.285000000000000000e+03
8.150000000000000000e+02,7.285000000000000000e+03
8.150000000000000000e+02,6.929000000000000000e+03
9.150000000000000000e+02,5.485000000000000000e+03
9.150000000000000000e+02,5.809000000000000000e+03
9.150000000000000000e+02,5.809000000000000000e+03
9.150000000000000000e+02,5.485000000000000000e+03
8.470000000000000000e+02,7.253000000000000000e+03
8.470000000000000000e+02,7.617000000000000000e+03
8.470000000000000000e+02,7.617000000000000000e+03
8.470000000000000000e+02,7.253000000000000000e+03
7.790000000000000000e+02,7.685000000000000000e+03
7.790000000000000000e+02,8.057000000000000000e+03
7.790000000000000000e+02,8.057000000000000000e+03
7.790000000000000000e+02,7.685000000000000000e+03
9.510000000000000000e+02,5.449000000000000000e+03
9.510000000000000000e+02,5.773000000000000000e+03
9.510000000000000000e+02,5.773000000000000000e+03
9.510000000000000000e+02,5.449000000000000000e+03
9.650000000000000000e+02,1.203100000000000000e+04
9.650000000000000000e+02,1.249100000000000000e+04
9.650000000000000000e+02,1.203100000000000000e+04
9.650000000000000000e+02,1.157900000000000000e+04
7.570000000000000000e+02,5.967000000000000000e+03
7.570000000000000000e+02,6.299000000000000000e+03
7.570000000000000000e+02,5.967000000000000000e+03
7.570000000000000000e+02,5.967000000000000000e+03
8.290000000000000000e+02,5.895000000000000000e+03
8.290000000000000000e+02,6.227000000000000000e+03
8.290000000000000000e+02,6.227000000000000000e+03
8.290000000000000000e+02,5.895000000000000000e+03
7.770000000000000000e+02,8.439000000000000000e+03
7.770000000000000000e+02,8.827000000000000000e+03
7.770000000000000000e+02,8.827000000000000000e+03
7.770000000000000000e+02,8.439000000000000000e+03
7.720000000000000000e+02,6.284000000000000000e+03
7.720000000000000000e+02,6.624000000000000000e+03
7.720000000000000000e+02,6.624000000000000000e+03
7.720000000000000000e+02,6.284000000000000000e+03
8.890000000000000000e+02,6.507000000000000000e+03
8.890000000000000000e+02,6.855000000000000000e+03
8.890000000000000000e+02,6.855000000000000000e+03
8.890000000000000000e+02,6.507000000000000000e+03
8.130000000000000000e+02,5.271000000000000000e+03
8.130000000000000000e+02,5.587000000000000000e+03
8.130000000000000000e+02,5.587000000000000000e+03
8.130000000000000000e+02,5.271000000000000000e+03
9.410000000000000000e+02,5.783000000000000000e+03
9.410000000000000000e+02,6.115000000000000000e+03
9.410000000000000000e+02,6.115000000000000000e+03
9.410000000000000000e+02,5.783000000000000000e+03
7.000000000000000000e+02,4.776000000000000000e+03
7.000000000000000000e+02,5.076000000000000000e+03
7.000000000000000000e+02,5.076000000000000000e+03
7.000000000000000000e+02,4.776000000000000000e+03
8.060000000000000000e+02,3.818000000000000000e+03
8.060000000000000000e+02,4.094000000000000000e+03
8.060000000000000000e+02,4.094000000000000000e+03
8.060000000000000000e+02,3.818000000000000000e+03
4.380000000000000000e+02,6.286000000000000000e+03
4.380000000000000000e+02,6.286000000000000000e+03
4.380000000000000000e+02,5.962000000000000000e+03
4.380000000000000000e+02,5.962000000000000000e+03
4.670000000000000000e+02,6.257000000000000000e+03
4.670000000000000000e+02,6.257000000000000000e+03
4.670000000000000000e+02,6.257000000000000000e+03
4.670000000000000000e+02,6.257000000000000000e+03
5.160000000000000000e+02,5.260000000000000000e+03
5.160000000000000000e+02,5.568000000000000000e+03
5.160000000000000000e+02,5.884000000000000000e+03
5.160000000000000000e+02,5.568000000000000000e+03
4.680000000000000000e+02,5.932000000000000000e+03
4.680000000000000000e+02,5.932000000000000000e+03
4.680000000000000000e+02,5.616000000000000000e+03
4.680000000000000000e+02,5.616000000000000000e+03
3.120000000000000000e+02,2.604000000000000000e+03
3.120000000000000000e+02,2.604000000000000000e+03
3.120000000000000000e+02,2.392000000000000000e+03
3.120000000000000000e+02,2.392000000000000000e+03
4.500000000000000000e+02,5.634000000000000000e+03
4.500000000000000000e+02,5.634000000000000000e+03
4.500000000000000000e+02,5.326000000000000000e+03
4.500000000000000000e+02,5.326000000000000000e+03
3.960000000000000000e+02,4.788000000000000000e+03
3.960000000000000000e+02,4.788000000000000000e+03
3.960000000000000000e+02,5.080000000000000000e+03
3.960000000000000000e+02,5.080000000000000000e+03
4.830000000000000000e+02,6.241000000000000000e+03
4.830000000000000000e+02,6.241000000000000000e+03
4.830000000000000000e+02,6.241000000000000000e+03
4.830000000000000000e+02,6.241000000000000000e+03
4.980000000000000000e+02,5.902000000000000000e+03
4.980000000000000000e+02,5.902000000000000000e+03
4.980000000000000000e+02,6.226000000000000000e+03
4.980000000000000000e+02,6.226000000000000000e+03
4.500000000000000000e+02,6.946000000000000000e+03
4.500000000000000000e+02,6.946000000000000000e+03
4.500000000000000000e+02,6.606000000000000000e+03
4.500000000000000000e+02,6.606000000000000000e+03
3.630000000000000000e+02,3.993000000000000000e+03
3.630000000000000000e+02,3.993000000000000000e+03
3.630000000000000000e+02,3.993000000000000000e+03
3.630000000000000000e+02,3.993000000000000000e+03
4.770000000000000000e+02,6.919000000000000000e+03
4.770000000000000000e+02,6.919000000000000000e+03
4.770000000000000000e+02,6.579000000000000000e+03
4.770000000000000000e+02,6.579000000000000000e+03
3.740000000000000000e+02,3.982000000000000000e+03
3.740000000000000000e+02,4.250000000000000000e+03
3.740000000000000000e+02,3.982000000000000000e+03
3.740000000000000000e+02,3.982000000000000000e+03
3.870000000000000000e+02,4.237000000000000000e+03
3.860000000000000000e+02,3.970000000000000000e+03
3.870000000000000000e+02,3.709000000000000000e+03
3.870000000000000000e+02,3.969000000000000000e+03
3.900000000000000000e+02,5.386000000000000000e+03
3.900000000000000000e+02,5.386000000000000000e+03
3.900000000000000000e+02,5.086000000000000000e+03
3.900000000000000000e+02,5.086000000000000000e+03
4.340000000000000000e+02,5.966000000000000000e+03
4.340000000000000000e+02,5.966000000000000000e+03
4.340000000000000000e+02,5.650000000000000000e+03
4.340000000000000000e+02,5.650000000000000000e+03
5.040000000000000000e+02,6.220000000000000000e+03
5.040000000000000000e+02,6.220000000000000000e+03
5.040000000000000000e+02,6.552000000000000000e+03
5.040000000000000000e+02,6.552000000000000000e+03
4.940000000000000000e+02,6.230000000000000000e+03
4.940000000000000000e+02,6.230000000000000000e+03
4.940000000000000000e+02,5.906000000000000000e+03
4.940000000000000000e+02,5.906000000000000000e+03
4.360000000000000000e+02,5.340000000000000000e+03
4.360000000000000000e+02,5.040000000000000000e+03
4.360000000000000000e+02,5.340000000000000000e+03
4.360000000000000000e+02,5.648000000000000000e+03
6.560000000000000000e+02,7.808000000000000000e+03
6.560000000000000000e+02,7.808000000000000000e+03
6.560000000000000000e+02,8.180000000000000000e+03
6.560000000000000000e+02,8.180000000000000000e+03
4.840000000000000000e+02,3.360000000000000000e+03
4.840000000000000000e+02,3.360000000000000000e+03
4.840000000000000000e+02,3.612000000000000000e+03
4.840000000000000000e+02,3.360000000000000000e+03
5.480000000000000000e+02,4.636000000000000000e+03
5.480000000000000000e+02,4.636000000000000000e+03
5.480000000000000000e+02,4.928000000000000000e+03
5.480000000000000000e+02,4.928000000000000000e+03
5.490000000000000000e+02,5.535000000000000000e+03
5.490000000000000000e+02,5.535000000000000000e+03
5.490000000000000000e+02,5.851000000000000000e+03
5.490000000000000000e+02,5.851000000000000000e+03
5.650000000000000000e+02,3.791000000000000000e+03
5.650000000000000000e+02,3.791000000000000000e+03
5.650000000000000000e+02,4.059000000000000000e+03
5.650000000000000000e+02,4.059000000000000000e+03
4.910000000000000000e+02,4.409000000000000000e+03
4.910000000000000000e+02,4.409000000000000000e+03
4.910000000000000000e+02,4.693000000000000000e+03
4.910000000000000000e+02,4.693000000000000000e+03
7.100000000000000000e+02,7.754000000000000000e+03
7.100000000000000000e+02,7.754000000000000000e+03
7.100000000000000000e+02,8.126000000000000000e+03
7.100000000000000000e+02,8.126000000000000000e+03
6.470000000000000000e+02,4.537000000000000000e+03
6.470000000000000000e+02,4.829000000000000000e+03
6.470000000000000000e+02,5.129000000000000000e+03
6.470000000000000000e+02,4.829000000000000000e+03
5.100000000000000000e+02,4.674000000000000000e+03
5.100000000000000000e+02,4.674000000000000000e+03
5.100000000000000000e+02,4.966000000000000000e+03
5.100000000000000000e+02,4.966000000000000000e+03
4.940000000000000000e+02,4.130000000000000000e+03
4.940000000000000000e+02,4.130000000000000000e+03
4.940000000000000000e+02,4.406000000000000000e+03
4.940000000000000000e+02,4.406000000000000000e+03
4.700000000000000000e+02,5.006000000000000000e+03
4.700000000000000000e+02,5.006000000000000000e+03
4.700000000000000000e+02,5.306000000000000000e+03
4.700000000000000000e+02,5.306000000000000000e+03
5.290000000000000000e+02,5.555000000000000000e+03
5.290000000000000000e+02,5.555000000000000000e+03
5.290000000000000000e+02,5.871000000000000000e+03
5.290000000000000000e+02,5.871000000000000000e+03
5.180000000000000000e+02,4.106000000000000000e+03
5.180000000000000000e+02,4.382000000000000000e+03
5.180000000000000000e+02,4.666000000000000000e+03
5.180000000000000000e+02,4.382000000000000000e+03
4.900000000000000000e+02,4.134000000000000000e+03
4.900000000000000000e+02,4.134000000000000000e+03
4.900000000000000000e+02,4.410000000000000000e+03
4.900000000000000000e+02,4.410000000000000000e+03
4.650000000000000000e+02,5.311000000000000000e+03
4.650000000000000000e+02,5.311000000000000000e+03
4.650000000000000000e+02,5.619000000000000000e+03
4.650000000000000000e+02,5.619000000000000000e+03
5.210000000000000000e+02,5.255000000000000000e+03
5.210000000000000000e+02,5.255000000000000000e+03
5.210000000000000000e+02,5.563000000000000000e+03
5.210000000000000000e+02,5.563000000000000000e+03
6.080000000000000000e+02,7.136000000000000000e+03
6.080000000000000000e+02,7.136000000000000000e+03
6.080000000000000000e+02,7.492000000000000000e+03
6.080000000000000000e+02,7.492000000000000000e+03
4.290000000000000000e+02,3.415000000000000000e+03
4.290000000000000000e+02,3.415000000000000000e+03
4.290000000000000000e+02,3.667000000000000000e+03
4.290000000000000000e+02,3.667000000000000000e+03
6.470000000000000000e+02,5.129000000000000000e+03
6.470000000000000000e+02,5.129000000000000000e+03
6.470000000000000000e+02,5.437000000000000000e+03
6.470000000000000000e+02,5.437000000000000000e+03
4.360000000000000000e+02,3.920000000000000000e+03
4.360000000000000000e+02,3.920000000000000000e+03
4.360000000000000000e+02,4.188000000000000000e+03
4.360000000000000000e+02,4.188000000000000000e+03
4.370000000000000000e+02,3.163000000000000000e+03
4.370000000000000000e+02,2.927000000000000000e+03
4.370000000000000000e+02,3.163000000000000000e+03
4.370000000000000000e+02,3.407000000000000000e+03
4.190000000000000000e+02,4.765000000000000000e+03
4.190000000000000000e+02,4.765000000000000000e+03
4.190000000000000000e+02,5.057000000000000000e+03
4.190000000000000000e+02,5.057000000000000000e+03
4.740000000000000000e+02,5.610000000000000000e+03
4.740000000000000000e+02,5.610000000000000000e+03
4.740000000000000000e+02,5.926000000000000000e+03
4.740000000000000000e+02,5.926000000000000000e+03
5.390000000000000000e+02,4.645000000000000000e+03
5.390000000000000000e+02,4.361000000000000000e+03
5.390000000000000000e+02,4.361000000000000000e+03
5.390000000000000000e+02,4.645000000000000000e+03
5.330000000000000000e+02,6.523000000000000000e+03
5.330000000000000000e+02,6.523000000000000000e+03
5.330000000000000000e+02,6.863000000000000000e+03
5.330000000000000000e+02,6.863000000000000000e+03
9.590000000000000000e+02,8.645000000000000000e+03
9.590000000000000000e+02,8.257000000000000000e+03
9.590000000000000000e+02,8.257000000000000000e+03
9.590000000000000000e+02,8.257000000000000000e+03
4.810000000000000000e+02,4.703000000000000000e+03
4.810000000000000000e+02,4.703000000000000000e+03
4.810000000000000000e+02,4.995000000000000000e+03
4.810000000000000000e+02,4.995000000000000000e+03
6.180000000000000000e+02,7.482000000000000000e+03
6.180000000000000000e+02,7.482000000000000000e+03
6.180000000000000000e+02,7.846000000000000000e+03
6.180000000000000000e+02,7.846000000000000000e+03
6.870000000000000000e+02,1.012900000000000000e+04
6.870000000000000000e+02,1.012900000000000000e+04
6.870000000000000000e+02,1.054900000000000000e+04
6.870000000000000000e+02,1.054900000000000000e+04
4.660000000000000000e+02,5.310000000000000000e+03
4.660000000000000000e+02,5.310000000000000000e+03
4.660000000000000000e+02,5.618000000000000000e+03
4.660000000000000000e+02,5.618000000000000000e+03
6.550000000000000000e+02,9.345000000000000000e+03
6.550000000000000000e+02,9.345000000000000000e+03
6.550000000000000000e+02,9.749000000000000000e+03
6.550000000000000000e+02,9.749000000000000000e+03
4.220000000000000000e+02,3.178000000000000000e+03
4.220000000000000000e+02,3.422000000000000000e+03
4.220000000000000000e+02,3.674000000000000000e+03
4.220000000000000000e+02,3.422000000000000000e+03
4.990000000000000000e+02,4.125000000000000000e+03
4.990000000000000000e+02,4.125000000000000000e+03
4.990000000000000000e+02,4.401000000000000000e+03
4.990000000000000000e+02,4.401000000000000000e+03
4.580000000000000000e+02,3.638000000000000000e+03
4.580000000000000000e+02,3.638000000000000000e+03
4.580000000000000000e+02,3.898000000000000000e+03
4.580000000000000000e+02,3.638000000000000000e+03
4.170000000000000000e+02,2.947000000000000000e+03
4.170000000000000000e+02,2.947000000000000000e+03
4.170000000000000000e+02,3.183000000000000000e+03
4.170000000000000000e+02,3.183000000000000000e+03
4.310000000000000000e+02,3.665000000000000000e+03
4.310000000000000000e+02,3.665000000000000000e+03
4.310000000000000000e+02,3.925000000000000000e+03
4.310000000000000000e+02,3.925000000000000000e+03
4.710000000000000000e+02,5.005000000000000000e+03
4.710000000000000000e+02,5.005000000000000000e+03
4.710000000000000000e+02,5.305000000000000000e+03
4.710000000000000000e+02,5.305000000000000000e+03
4.170000000000000000e+02,4.207000000000000000e+03
4.170000000000000000e+02,4.207000000000000000e+03
4.170000000000000000e+02,4.483000000000000000e+03
4.170000000000000000e+02,4.483000000000000000e+03
6.250000000000000000e+02,6.771000000000000000e+03
6.250000000000000000e+02,6.771000000000000000e+03
6.250000000000000000e+02,7.119000000000000000e+03
6.250000000000000000e+02,7.119000000000000000e+03
4.010000000000000000e+02,3.955000000000000000e+03
4.010000000000000000e+02,4.223000000000000000e+03
4.010000000000000000e+02,4.499000000000000000e+03
4.010000000000000000e+02,4.223000000000000000e+03
5.750000000000000000e+02,6.481000000000000000e+03
5.750000000000000000e+02,6.481000000000000000e+03
5.750000000000000000e+02,6.821000000000000000e+03
5.750000000000000000e+02,6.821000000000000000e+03
